OrderedDict([('data_path', './dataset/FireDataset.csv'),
             ('param_path', './models/config'),
             ('seed', 64),
             ('redirector', True),
             ('visual', False),
             ('model', 'ab'),
             ('param_load', False),
             ('voting_list', ['dt', 'knn', 'rf', 'ab', 'gb']),
             ('tune', 'grid'),
             ('n_iter', 10),
             ('cv', 5),
             ('pca', False),
             ('n_components', 0.95),
             ('smote', True),
             ('standard', False),
             ('eval', 'kfold'),
             ('n_split', 10),
             ('num_class', 3)])
------------------------------------------------------------
Model: dt, PCA: False, Standard: False, SMOTE: True, Tune: None, Param_load: False
Dataset size: 10150
Features name : ['diravg', 'humidrel', 'ocurcause', 'ocurdo', 'rainamount', 'raindays', 'tempavg', 'windavg', 'within_30km', 'within_30km_fact', 'height']
Target name : ['scale_damage']
------------------------------------------------------------
DecisionTreeClassifier(random_state=64)
------------------------------------------------------------
Fold 0
Evaluation on test set, 
 Accuracy: 0.4463, Recall: 0.3860, Precision: 0.3844, F1 Score: 0.3844
Confusion Matrix: 
 [[0.42424242 0.15151515 0.42424242]
 [0.34       0.20666667 0.45333333]
 [0.32897196 0.14392523 0.5271028 ]]
Classification Report: 
               precision    recall  f1-score   support

         0.0       0.38      0.42      0.40       330
         1.0       0.20      0.21      0.20       150
         2.0       0.58      0.53      0.55       535

    accuracy                           0.45      1015
   macro avg       0.38      0.39      0.38      1015
weighted avg       0.46      0.45      0.45      1015

Fold 1
Evaluation on test set, 
 Accuracy: 0.4562, Recall: 0.3947, Precision: 0.3916, F1 Score: 0.3907
Confusion Matrix: 
 [[0.42319749 0.18808777 0.38871473]
 [0.32142857 0.22857143 0.45      ]
 [0.30215827 0.16546763 0.5323741 ]]
Classification Report: 
               precision    recall  f1-score   support

         0.0       0.39      0.42      0.40       319
         1.0       0.17      0.23      0.20       140
         2.0       0.61      0.53      0.57       556

    accuracy                           0.46      1015
   macro avg       0.39      0.39      0.39      1015
weighted avg       0.48      0.46      0.47      1015

Fold 2
Evaluation on test set, 
 Accuracy: 0.4719, Recall: 0.3980, Precision: 0.3999, F1 Score: 0.3975
Confusion Matrix: 
 [[0.45086705 0.18786127 0.36127168]
 [0.28888889 0.18518519 0.52592593]
 [0.27340824 0.16853933 0.55805243]]
Classification Report: 
               precision    recall  f1-score   support

         0.0       0.46      0.45      0.45       346
         1.0       0.14      0.19      0.16       135
         2.0       0.60      0.56      0.58       534

    accuracy                           0.47      1015
   macro avg       0.40      0.40      0.40      1015
weighted avg       0.49      0.47      0.48      1015

Fold 3
Evaluation on test set, 
 Accuracy: 0.4611, Recall: 0.3942, Precision: 0.3939, F1 Score: 0.3927
Confusion Matrix: 
 [[0.37988827 0.19273743 0.4273743 ]
 [0.35211268 0.21830986 0.42957746]
 [0.26019417 0.15533981 0.58446602]]
Classification Report: 
               precision    recall  f1-score   support

         0.0       0.42      0.38      0.40       358
         1.0       0.17      0.22      0.19       142
         2.0       0.58      0.58      0.58       515

    accuracy                           0.46      1015
   macro avg       0.39      0.39      0.39      1015
weighted avg       0.47      0.46      0.46      1015

Fold 4
Evaluation on test set, 
 Accuracy: 0.4680, Recall: 0.3986, Precision: 0.3995, F1 Score: 0.3988
Confusion Matrix: 
 [[0.42253521 0.17183099 0.4056338 ]
 [0.31168831 0.18831169 0.5       ]
 [0.2687747  0.14624506 0.58498024]]
Classification Report: 
               precision    recall  f1-score   support

         0.0       0.45      0.42      0.44       355
         1.0       0.18      0.19      0.18       154
         2.0       0.57      0.58      0.58       506

    accuracy                           0.47      1015
   macro avg       0.40      0.40      0.40      1015
weighted avg       0.47      0.47      0.47      1015

Fold 5
Evaluation on test set, 
 Accuracy: 0.4404, Recall: 0.3846, Precision: 0.3832, F1 Score: 0.3836
Confusion Matrix: 
 [[0.42222222 0.11111111 0.46666667]
 [0.33103448 0.2137931  0.45517241]
 [0.30196078 0.18039216 0.51764706]]
Classification Report: 
               precision    recall  f1-score   support

         0.0       0.43      0.42      0.43       360
         1.0       0.19      0.21      0.20       145
         2.0       0.53      0.52      0.52       510

    accuracy                           0.44      1015
   macro avg       0.38      0.38      0.38      1015
weighted avg       0.45      0.44      0.44      1015

Fold 6
Evaluation on test set, 
 Accuracy: 0.4552, Recall: 0.3767, Precision: 0.3774, F1 Score: 0.3768
Confusion Matrix: 
 [[0.37951807 0.15963855 0.46084337]
 [0.28472222 0.17361111 0.54166667]
 [0.27272727 0.15027829 0.57699443]]
Classification Report: 
               precision    recall  f1-score   support

         0.0       0.40      0.38      0.39       332
         1.0       0.16      0.17      0.17       144
         2.0       0.57      0.58      0.58       539

    accuracy                           0.46      1015
   macro avg       0.38      0.38      0.38      1015
weighted avg       0.46      0.46      0.46      1015

Fold 7
Evaluation on test set, 
 Accuracy: 0.4473, Recall: 0.3738, Precision: 0.3754, F1 Score: 0.3740
Confusion Matrix: 
 [[0.39197531 0.21296296 0.39506173]
 [0.35714286 0.16883117 0.47402597]
 [0.27746741 0.16201117 0.56052142]]
Classification Report: 
               precision    recall  f1-score   support

         0.0       0.38      0.39      0.39       324
         1.0       0.14      0.17      0.15       154
         2.0       0.60      0.56      0.58       537

    accuracy                           0.45      1015
   macro avg       0.38      0.37      0.37      1015
weighted avg       0.46      0.45      0.45      1015

Fold 8
Evaluation on test set, 
 Accuracy: 0.4680, Recall: 0.3960, Precision: 0.3983, F1 Score: 0.3915
Confusion Matrix: 
 [[0.43854749 0.18435754 0.37709497]
 [0.40366972 0.21100917 0.3853211 ]
 [0.26642336 0.19525547 0.53832117]]
Classification Report: 
               precision    recall  f1-score   support

         0.0       0.45      0.44      0.45       358
         1.0       0.12      0.21      0.15       109
         2.0       0.62      0.54      0.58       548

    accuracy                           0.47      1015
   macro avg       0.40      0.40      0.39      1015
weighted avg       0.51      0.47      0.49      1015

Fold 9
Evaluation on test set, 
 Accuracy: 0.4453, Recall: 0.3796, Precision: 0.3737, F1 Score: 0.3720
Confusion Matrix: 
 [[0.37254902 0.19281046 0.43464052]
 [0.31666667 0.24166667 0.44166667]
 [0.31239389 0.16298812 0.524618  ]]
Classification Report: 
               precision    recall  f1-score   support

         0.0       0.34      0.37      0.36       306
         1.0       0.16      0.24      0.19       120
         2.0       0.62      0.52      0.57       589

    accuracy                           0.45      1015
   macro avg       0.37      0.38      0.37      1015
weighted avg       0.48      0.45      0.46      1015

Average metrics:
 Accuracy: 0.4560, Precision: 0.3877, Recall: 0.3882, F1: 0.3862
  model    pca standard tune  accuracy  precision    recall        f1
0    dt  False    False  NaN  0.455961   0.387723  0.388219  0.386224
Model: dt, PCA: False, Standard: True, SMOTE: True, Tune: None, Param_load: False
Dataset size: 10150
Features name : ['diravg', 'humidrel', 'ocurcause', 'ocurdo', 'rainamount', 'raindays', 'tempavg', 'windavg', 'within_30km', 'within_30km_fact', 'height']
Target name : ['scale_damage']
------------------------------------------------------------
DecisionTreeClassifier(random_state=64)
------------------------------------------------------------
Fold 0
Evaluation on test set, 
 Accuracy: 0.4542, Recall: 0.3831, Precision: 0.3830, F1 Score: 0.3829
Confusion Matrix: 
 [[0.4        0.15454545 0.44545455]
 [0.30666667 0.18666667 0.50666667]
 [0.27663551 0.16074766 0.56261682]]
Classification Report: 
               precision    recall  f1-score   support

         0.0       0.40      0.40      0.40       330
         1.0       0.17      0.19      0.18       150
         2.0       0.57      0.56      0.57       535

    accuracy                           0.45      1015
   macro avg       0.38      0.38      0.38      1015
weighted avg       0.46      0.45      0.46      1015

Fold 1
Evaluation on test set, 
 Accuracy: 0.4749, Recall: 0.4239, Precision: 0.4162, F1 Score: 0.4164
Confusion Matrix: 
 [[0.48589342 0.15673981 0.35736677]
 [0.27857143 0.26428571 0.45714286]
 [0.29316547 0.1852518  0.52158273]]
Classification Report: 
               precision    recall  f1-score   support

         0.0       0.43      0.49      0.46       319
         1.0       0.19      0.26      0.22       140
         2.0       0.62      0.52      0.57       556

    accuracy                           0.47      1015
   macro avg       0.42      0.42      0.42      1015
weighted avg       0.50      0.47      0.49      1015

Fold 2
Evaluation on test set, 
 Accuracy: 0.4315, Recall: 0.3760, Precision: 0.3750, F1 Score: 0.3725
Confusion Matrix: 
 [[0.38728324 0.19364162 0.41907514]
 [0.26666667 0.22962963 0.5037037 ]
 [0.29400749 0.19475655 0.51123596]]
Classification Report: 
               precision    recall  f1-score   support

         0.0       0.41      0.39      0.40       346
         1.0       0.15      0.23      0.18       135
         2.0       0.56      0.51      0.54       534

    accuracy                           0.43      1015
   macro avg       0.37      0.38      0.37      1015
weighted avg       0.46      0.43      0.44      1015

Fold 3
Evaluation on test set, 
 Accuracy: 0.4217, Recall: 0.3536, Precision: 0.3543, F1 Score: 0.3536
Confusion Matrix: 
 [[0.36871508 0.16201117 0.46927374]
 [0.30985915 0.16197183 0.52816901]
 [0.31067961 0.1592233  0.53009709]]
Classification Report: 
               precision    recall  f1-score   support

         0.0       0.39      0.37      0.38       358
         1.0       0.14      0.16      0.15       142
         2.0       0.53      0.53      0.53       515

    accuracy                           0.42      1015
   macro avg       0.35      0.35      0.35      1015
weighted avg       0.43      0.42      0.42      1015

Fold 4
Evaluation on test set, 
 Accuracy: 0.4424, Recall: 0.3910, Precision: 0.3897, F1 Score: 0.3898
Confusion Matrix: 
 [[0.3971831  0.15492958 0.44788732]
 [0.27922078 0.24025974 0.48051948]
 [0.29051383 0.17391304 0.53557312]]
Classification Report: 
               precision    recall  f1-score   support

         0.0       0.43      0.40      0.41       355
         1.0       0.21      0.24      0.22       154
         2.0       0.54      0.54      0.54       506

    accuracy                           0.44      1015
   macro avg       0.39      0.39      0.39      1015
weighted avg       0.45      0.44      0.44      1015

Fold 5
Evaluation on test set, 
 Accuracy: 0.4571, Recall: 0.3915, Precision: 0.3910, F1 Score: 0.3910
Confusion Matrix: 
 [[0.44722222 0.16666667 0.38611111]
 [0.33793103 0.1862069  0.47586207]
 [0.31372549 0.14509804 0.54117647]]
Classification Report: 
               precision    recall  f1-score   support

         0.0       0.44      0.45      0.44       360
         1.0       0.17      0.19      0.18       145
         2.0       0.57      0.54      0.56       510

    accuracy                           0.46      1015
   macro avg       0.39      0.39      0.39      1015
weighted avg       0.46      0.46      0.46      1015

Fold 6
Evaluation on test set, 
 Accuracy: 0.4502, Recall: 0.3819, Precision: 0.3812, F1 Score: 0.3810
Confusion Matrix: 
 [[0.39156627 0.1626506  0.44578313]
 [0.31944444 0.20138889 0.47916667]
 [0.28200371 0.16512059 0.5528757 ]]
Classification Report: 
               precision    recall  f1-score   support

         0.0       0.40      0.39      0.39       332
         1.0       0.17      0.20      0.18       144
         2.0       0.58      0.55      0.57       539

    accuracy                           0.45      1015
   macro avg       0.38      0.38      0.38      1015
weighted avg       0.46      0.45      0.46      1015

Fold 7
Evaluation on test set, 
 Accuracy: 0.4217, Recall: 0.3635, Precision: 0.3645, F1 Score: 0.3624
Confusion Matrix: 
 [[0.40123457 0.1882716  0.41049383]
 [0.33116883 0.18831169 0.48051948]
 [0.29422719 0.20484171 0.5009311 ]]
Classification Report: 
               precision    recall  f1-score   support

         0.0       0.38      0.40      0.39       324
         1.0       0.14      0.19      0.16       154
         2.0       0.57      0.50      0.53       537

    accuracy                           0.42      1015
   macro avg       0.36      0.36      0.36      1015
weighted avg       0.44      0.42      0.43      1015

Fold 8
Evaluation on test set, 
 Accuracy: 0.4975, Recall: 0.4127, Precision: 0.4103, F1 Score: 0.4103
Confusion Matrix: 
 [[0.44692737 0.12011173 0.43296089]
 [0.33027523 0.20183486 0.46788991]
 [0.26824818 0.14233577 0.58941606]]
Classification Report: 
               precision    recall  f1-score   support

         0.0       0.47      0.45      0.46       358
         1.0       0.15      0.20      0.17       109
         2.0       0.61      0.59      0.60       548

    accuracy                           0.50      1015
   macro avg       0.41      0.41      0.41      1015
weighted avg       0.51      0.50      0.50      1015

Fold 9
Evaluation on test set, 
 Accuracy: 0.4532, Recall: 0.3533, Precision: 0.3566, F1 Score: 0.3536
Confusion Matrix: 
 [[0.35947712 0.17973856 0.46078431]
 [0.35       0.13333333 0.51666667]
 [0.27504244 0.15789474 0.56706282]]
Classification Report: 
               precision    recall  f1-score   support

         0.0       0.35      0.36      0.35       306
         1.0       0.10      0.13      0.11       120
         2.0       0.62      0.57      0.59       589

    accuracy                           0.45      1015
   macro avg       0.36      0.35      0.35      1015
weighted avg       0.48      0.45      0.46      1015

Average metrics:
 Accuracy: 0.4504, Precision: 0.3822, Recall: 0.3831, F1: 0.3813
  model    pca standard tune  accuracy  precision    recall        f1
0    dt  False    False  NaN  0.455961   0.387723  0.388219  0.386224
0    dt  False     True  NaN  0.450443   0.382196  0.383065  0.381336
Model: dt, PCA: True, Standard: True, SMOTE: True, Tune: None, Param_load: False
Dataset size: 10150
Features name : ['diravg', 'humidrel', 'ocurcause', 'ocurdo', 'rainamount', 'raindays', 'tempavg', 'windavg', 'within_30km', 'within_30km_fact', 'height']
Target name : ['scale_damage']
------------------------------------------------------------
DecisionTreeClassifier(random_state=64)
------------------------------------------------------------
Fold 0
<< PCA: 11 -> 10 >>
Evaluation on test set, 
 Accuracy: 0.4010, Recall: 0.3595, Precision: 0.3624, F1 Score: 0.3552
Confusion Matrix: 
 [[0.39090909 0.24242424 0.36666667]
 [0.33333333 0.23333333 0.43333333]
 [0.3046729  0.2411215  0.45420561]]
Classification Report: 
               precision    recall  f1-score   support

         0.0       0.38      0.39      0.38       330
         1.0       0.14      0.23      0.18       150
         2.0       0.57      0.45      0.50       535

    accuracy                           0.40      1015
   macro avg       0.36      0.36      0.36      1015
weighted avg       0.44      0.40      0.42      1015

Fold 1
<< PCA: 11 -> 10 >>
Evaluation on test set, 
 Accuracy: 0.4138, Recall: 0.3676, Precision: 0.3657, F1 Score: 0.3608
Confusion Matrix: 
 [[0.42633229 0.19435737 0.37931034]
 [0.35       0.22142857 0.42857143]
 [0.33453237 0.21043165 0.45503597]]
Classification Report: 
               precision    recall  f1-score   support

         0.0       0.37      0.43      0.39       319
         1.0       0.15      0.22      0.18       140
         2.0       0.58      0.46      0.51       556

    accuracy                           0.41      1015
   macro avg       0.37      0.37      0.36      1015
weighted avg       0.45      0.41      0.43      1015

Fold 2
<< PCA: 11 -> 10 >>
Evaluation on test set, 
 Accuracy: 0.3961, Recall: 0.3496, Precision: 0.3562, F1 Score: 0.3463
Confusion Matrix: 
 [[0.41618497 0.2283237  0.35549133]
 [0.33333333 0.2        0.46666667]
 [0.3164794  0.25093633 0.43258427]]
Classification Report: 
               precision    recall  f1-score   support

         0.0       0.40      0.42      0.41       346
         1.0       0.11      0.20      0.14       135
         2.0       0.55      0.43      0.49       534

    accuracy                           0.40      1015
   macro avg       0.36      0.35      0.35      1015
weighted avg       0.44      0.40      0.41      1015

Fold 3
<< PCA: 11 -> 10 >>
Evaluation on test set, 
 Accuracy: 0.4246, Recall: 0.3864, Precision: 0.3878, F1 Score: 0.3802
Confusion Matrix: 
 [[0.40502793 0.21787709 0.37709497]
 [0.33098592 0.27464789 0.3943662 ]
 [0.26213592 0.25825243 0.47961165]]
Classification Report: 
               precision    recall  f1-score   support

         0.0       0.44      0.41      0.42       358
         1.0       0.16      0.27      0.20       142
         2.0       0.56      0.48      0.52       515

    accuracy                           0.42      1015
   macro avg       0.39      0.39      0.38      1015
weighted avg       0.46      0.42      0.44      1015

Fold 4
<< PCA: 11 -> 10 >>
Evaluation on test set, 
 Accuracy: 0.4138, Recall: 0.3633, Precision: 0.3680, F1 Score: 0.3629
Confusion Matrix: 
 [[0.38591549 0.22816901 0.38591549]
 [0.34415584 0.20779221 0.44805195]
 [0.27865613 0.22529644 0.49604743]]
Classification Report: 
               precision    recall  f1-score   support

         0.0       0.41      0.39      0.40       355
         1.0       0.14      0.21      0.17       154
         2.0       0.55      0.50      0.52       506

    accuracy                           0.41      1015
   macro avg       0.37      0.36      0.36      1015
weighted avg       0.44      0.41      0.43      1015

Fold 5
<< PCA: 11 -> 10 >>
Evaluation on test set, 
 Accuracy: 0.4039, Recall: 0.3549, Precision: 0.3580, F1 Score: 0.3534
Confusion Matrix: 
 [[0.38333333 0.22222222 0.39444444]
 [0.31034483 0.20689655 0.48275862]
 [0.30980392 0.21568627 0.4745098 ]]
Classification Report: 
               precision    recall  f1-score   support

         0.0       0.40      0.38      0.39       360
         1.0       0.14      0.21      0.16       145
         2.0       0.53      0.47      0.50       510

    accuracy                           0.40      1015
   macro avg       0.36      0.35      0.35      1015
weighted avg       0.43      0.40      0.42      1015

Fold 6
<< PCA: 11 -> 10 >>
Evaluation on test set, 
 Accuracy: 0.4217, Recall: 0.3808, Precision: 0.3795, F1 Score: 0.3744
Confusion Matrix: 
 [[0.40361446 0.19879518 0.39759036]
 [0.32638889 0.26388889 0.40972222]
 [0.27643785 0.24860853 0.47495362]]
Classification Report: 
               precision    recall  f1-score   support

         0.0       0.41      0.40      0.40       332
         1.0       0.16      0.26      0.20       144
         2.0       0.57      0.47      0.52       539

    accuracy                           0.42      1015
   macro avg       0.38      0.38      0.37      1015
weighted avg       0.46      0.42      0.44      1015

Fold 7
<< PCA: 11 -> 10 >>
Evaluation on test set, 
 Accuracy: 0.3931, Recall: 0.3364, Precision: 0.3394, F1 Score: 0.3361
Confusion Matrix: 
 [[0.36728395 0.19135802 0.44135802]
 [0.32467532 0.16883117 0.50649351]
 [0.30353818 0.22346369 0.47299814]]
Classification Report: 
               precision    recall  f1-score   support

         0.0       0.36      0.37      0.36       324
         1.0       0.12      0.17      0.14       154
         2.0       0.53      0.47      0.50       537

    accuracy                           0.39      1015
   macro avg       0.34      0.34      0.34      1015
weighted avg       0.42      0.39      0.40      1015

Fold 8
<< PCA: 11 -> 10 >>
Evaluation on test set, 
 Accuracy: 0.4345, Recall: 0.3676, Precision: 0.3742, F1 Score: 0.3648
Confusion Matrix: 
 [[0.43575419 0.18435754 0.37988827]
 [0.32110092 0.18348624 0.49541284]
 [0.2919708  0.22445255 0.48357664]]
Classification Report: 
               precision    recall  f1-score   support

         0.0       0.44      0.44      0.44       358
         1.0       0.10      0.18      0.13       109
         2.0       0.58      0.48      0.53       548

    accuracy                           0.43      1015
   macro avg       0.37      0.37      0.36      1015
weighted avg       0.48      0.43      0.45      1015

Fold 9
<< PCA: 11 -> 10 >>
Evaluation on test set, 
 Accuracy: 0.4286, Recall: 0.3743, Precision: 0.3740, F1 Score: 0.3648
Confusion Matrix: 
 [[0.38562092 0.2124183  0.40196078]
 [0.28333333 0.25       0.46666667]
 [0.26825127 0.24448217 0.48726655]]
Classification Report: 
               precision    recall  f1-score   support

         0.0       0.38      0.39      0.38       306
         1.0       0.13      0.25      0.17       120
         2.0       0.62      0.49      0.54       589

    accuracy                           0.43      1015
   macro avg       0.37      0.37      0.36      1015
weighted avg       0.49      0.43      0.45      1015

Average metrics:
 Accuracy: 0.4131, Precision: 0.3665, Recall: 0.3640, F1: 0.3599
  model    pca standard tune  accuracy  precision    recall        f1
0    dt  False    False  NaN  0.455961   0.387723  0.388219  0.386224
0    dt  False     True  NaN  0.450443   0.382196  0.383065  0.381336
0    dt   True     True  NaN  0.413103   0.366522  0.364036  0.359891
Model: knn, PCA: False, Standard: False, SMOTE: True, Tune: None, Param_load: False
Dataset size: 10150
Features name : ['diravg', 'humidrel', 'ocurcause', 'ocurdo', 'rainamount', 'raindays', 'tempavg', 'windavg', 'within_30km', 'within_30km_fact', 'height']
Target name : ['scale_damage']
------------------------------------------------------------
KNeighborsClassifier()
------------------------------------------------------------
Fold 0
Evaluation on test set, 
 Accuracy: 0.3803, Recall: 0.3832, Precision: 0.3856, F1 Score: 0.3589
Confusion Matrix: 
 [[0.47878788 0.28787879 0.23333333]
 [0.39333333 0.34       0.26666667]
 [0.33831776 0.33084112 0.33084112]]
Classification Report: 
               precision    recall  f1-score   support

         0.0       0.40      0.48      0.43       330
         1.0       0.16      0.34      0.22       150
         2.0       0.60      0.33      0.43       535

    accuracy                           0.38      1015
   macro avg       0.39      0.38      0.36      1015
weighted avg       0.47      0.38      0.40      1015

Fold 1
Evaluation on test set, 
 Accuracy: 0.3951, Recall: 0.3905, Precision: 0.3924, F1 Score: 0.3661
Confusion Matrix: 
 [[0.49216301 0.26959248 0.23824451]
 [0.40714286 0.32142857 0.27142857]
 [0.33453237 0.30755396 0.35791367]]
Classification Report: 
               precision    recall  f1-score   support

         0.0       0.39      0.49      0.44       319
         1.0       0.15      0.32      0.20       140
         2.0       0.64      0.36      0.46       556

    accuracy                           0.40      1015
   macro avg       0.39      0.39      0.37      1015
weighted avg       0.49      0.40      0.42      1015

Fold 2
Evaluation on test set, 
 Accuracy: 0.3823, Recall: 0.4023, Precision: 0.3897, F1 Score: 0.3645
Confusion Matrix: 
 [[0.43641618 0.31213873 0.25144509]
 [0.33333333 0.43703704 0.22962963]
 [0.3576779  0.30898876 0.33333333]]
Classification Report: 
               precision    recall  f1-score   support

         0.0       0.39      0.44      0.41       346
         1.0       0.18      0.44      0.25       135
         2.0       0.60      0.33      0.43       534

    accuracy                           0.38      1015
   macro avg       0.39      0.40      0.36      1015
weighted avg       0.47      0.38      0.40      1015

Fold 3
Evaluation on test set, 
 Accuracy: 0.3892, Recall: 0.3739, Precision: 0.3916, F1 Score: 0.3607
Confusion Matrix: 
 [[0.46089385 0.32681564 0.2122905 ]
 [0.42957746 0.29577465 0.27464789]
 [0.31650485 0.3184466  0.36504854]]
Classification Report: 
               precision    recall  f1-score   support

         0.0       0.42      0.46      0.44       358
         1.0       0.13      0.30      0.18       142
         2.0       0.62      0.37      0.46       515

    accuracy                           0.39      1015
   macro avg       0.39      0.37      0.36      1015
weighted avg       0.48      0.39      0.41      1015

Fold 4
Evaluation on test set, 
 Accuracy: 0.3675, Recall: 0.3695, Precision: 0.3705, F1 Score: 0.3488
Confusion Matrix: 
 [[0.44225352 0.30140845 0.25633803]
 [0.4025974  0.34415584 0.25324675]
 [0.36561265 0.31225296 0.32213439]]
Classification Report: 
               precision    recall  f1-score   support

         0.0       0.39      0.44      0.41       355
         1.0       0.17      0.34      0.22       154
         2.0       0.56      0.32      0.41       506

    accuracy                           0.37      1015
   macro avg       0.37      0.37      0.35      1015
weighted avg       0.44      0.37      0.38      1015

Fold 5
Evaluation on test set, 
 Accuracy: 0.3764, Recall: 0.3683, Precision: 0.3702, F1 Score: 0.3504
Confusion Matrix: 
 [[0.48888889 0.24722222 0.26388889]
 [0.3862069  0.29655172 0.31724138]
 [0.34117647 0.33921569 0.31960784]]
Classification Report: 
               precision    recall  f1-score   support

         0.0       0.43      0.49      0.46       360
         1.0       0.14      0.30      0.19       145
         2.0       0.54      0.32      0.40       510

    accuracy                           0.38      1015
   macro avg       0.37      0.37      0.35      1015
weighted avg       0.44      0.38      0.39      1015

Fold 6
Evaluation on test set, 
 Accuracy: 0.3813, Recall: 0.3828, Precision: 0.3838, F1 Score: 0.3582
Confusion Matrix: 
 [[0.45783133 0.30421687 0.23795181]
 [0.36805556 0.34722222 0.28472222]
 [0.34693878 0.30983302 0.3432282 ]]
Classification Report: 
               precision    recall  f1-score   support

         0.0       0.39      0.46      0.42       332
         1.0       0.16      0.35      0.22       144
         2.0       0.61      0.34      0.44       539

    accuracy                           0.38      1015
   macro avg       0.38      0.38      0.36      1015
weighted avg       0.47      0.38      0.40      1015

Fold 7
Evaluation on test set, 
 Accuracy: 0.3773, Recall: 0.3708, Precision: 0.3853, F1 Score: 0.3532
Confusion Matrix: 
 [[0.4691358  0.32407407 0.20679012]
 [0.43506494 0.2987013  0.26623377]
 [0.33147114 0.32402235 0.34450652]]
Classification Report: 
               precision    recall  f1-score   support

         0.0       0.38      0.47      0.42       324
         1.0       0.14      0.30      0.19       154
         2.0       0.63      0.34      0.45       537

    accuracy                           0.38      1015
   macro avg       0.39      0.37      0.35      1015
weighted avg       0.48      0.38      0.40      1015

Fold 8
Evaluation on test set, 
 Accuracy: 0.3685, Recall: 0.3645, Precision: 0.3726, F1 Score: 0.3352
Confusion Matrix: 
 [[0.48603352 0.29329609 0.22067039]
 [0.41284404 0.30275229 0.28440367]
 [0.37591241 0.31934307 0.30474453]]
Classification Report: 
               precision    recall  f1-score   support

         0.0       0.41      0.49      0.44       358
         1.0       0.11      0.30      0.16       109
         2.0       0.60      0.30      0.40       548

    accuracy                           0.37      1015
   macro avg       0.37      0.36      0.34      1015
weighted avg       0.48      0.37      0.39      1015

Fold 9
Evaluation on test set, 
 Accuracy: 0.3675, Recall: 0.3732, Precision: 0.3750, F1 Score: 0.3382
Confusion Matrix: 
 [[0.47385621 0.29411765 0.23202614]
 [0.4        0.325      0.275     ]
 [0.36332767 0.31578947 0.32088285]]
Classification Report: 
               precision    recall  f1-score   support

         0.0       0.36      0.47      0.41       306
         1.0       0.12      0.33      0.18       120
         2.0       0.65      0.32      0.43       589

    accuracy                           0.37      1015
   macro avg       0.38      0.37      0.34      1015
weighted avg       0.50      0.37      0.39      1015

Average metrics:
 Accuracy: 0.3785, Precision: 0.3817, Recall: 0.3779, F1: 0.3534
  model    pca standard tune  accuracy  precision    recall        f1
0    dt  False    False  NaN  0.455961   0.387723  0.388219  0.386224
0    dt  False     True  NaN  0.450443   0.382196  0.383065  0.381336
0    dt   True     True  NaN  0.413103   0.366522  0.364036  0.359891
0   knn  False    False  NaN  0.378522   0.381686  0.377904  0.353423
Model: knn, PCA: False, Standard: True, SMOTE: True, Tune: None, Param_load: False
Dataset size: 10150
Features name : ['diravg', 'humidrel', 'ocurcause', 'ocurdo', 'rainamount', 'raindays', 'tempavg', 'windavg', 'within_30km', 'within_30km_fact', 'height']
Target name : ['scale_damage']
------------------------------------------------------------
KNeighborsClassifier()
------------------------------------------------------------
Fold 0
Evaluation on test set, 
 Accuracy: 0.3882, Recall: 0.3823, Precision: 0.3843, F1 Score: 0.3633
Confusion Matrix: 
 [[0.44545455 0.3030303  0.25151515]
 [0.34666667 0.33333333 0.32      ]
 [0.32897196 0.30280374 0.3682243 ]]
Classification Report: 
               precision    recall  f1-score   support

         0.0       0.39      0.45      0.42       330
         1.0       0.16      0.33      0.22       150
         2.0       0.60      0.37      0.46       535

    accuracy                           0.39      1015
   macro avg       0.38      0.38      0.36      1015
weighted avg       0.47      0.39      0.41      1015

Fold 1
Evaluation on test set, 
 Accuracy: 0.3704, Recall: 0.3720, Precision: 0.3817, F1 Score: 0.3466
Confusion Matrix: 
 [[0.44200627 0.32915361 0.22884013]
 [0.43571429 0.33571429 0.22857143]
 [0.33633094 0.32553957 0.3381295 ]]
Classification Report: 
               precision    recall  f1-score   support

         0.0       0.36      0.44      0.40       319
         1.0       0.14      0.34      0.20       140
         2.0       0.64      0.34      0.44       556

    accuracy                           0.37      1015
   macro avg       0.38      0.37      0.35      1015
weighted avg       0.48      0.37      0.40      1015

Fold 2
Evaluation on test set, 
 Accuracy: 0.3685, Recall: 0.3707, Precision: 0.3665, F1 Score: 0.3451
Confusion Matrix: 
 [[0.43063584 0.27745665 0.29190751]
 [0.39259259 0.34814815 0.25925926]
 [0.35393258 0.31273408 0.33333333]]
Classification Report: 
               precision    recall  f1-score   support

         0.0       0.38      0.43      0.40       346
         1.0       0.15      0.35      0.21       135
         2.0       0.57      0.33      0.42       534

    accuracy                           0.37      1015
   macro avg       0.37      0.37      0.35      1015
weighted avg       0.45      0.37      0.39      1015

Fold 3
Evaluation on test set, 
 Accuracy: 0.3813, Recall: 0.3826, Precision: 0.3882, F1 Score: 0.3593
Confusion Matrix: 
 [[0.46368715 0.30726257 0.22905028]
 [0.40140845 0.35211268 0.24647887]
 [0.33398058 0.33398058 0.33203883]]
Classification Report: 
               precision    recall  f1-score   support

         0.0       0.42      0.46      0.44       358
         1.0       0.15      0.35      0.21       142
         2.0       0.59      0.33      0.43       515

    accuracy                           0.38      1015
   macro avg       0.39      0.38      0.36      1015
weighted avg       0.47      0.38      0.40      1015

Fold 4
Evaluation on test set, 
 Accuracy: 0.3813, Recall: 0.3931, Precision: 0.3844, F1 Score: 0.3659
Confusion Matrix: 
 [[0.45070423 0.29859155 0.25070423]
 [0.31168831 0.4025974  0.28571429]
 [0.36166008 0.31225296 0.32608696]]
Classification Report: 
               precision    recall  f1-score   support

         0.0       0.41      0.45      0.43       355
         1.0       0.19      0.40      0.26       154
         2.0       0.55      0.33      0.41       506

    accuracy                           0.38      1015
   macro avg       0.38      0.39      0.37      1015
weighted avg       0.45      0.38      0.39      1015

Fold 5
Evaluation on test set, 
 Accuracy: 0.3961, Recall: 0.3812, Precision: 0.3948, F1 Score: 0.3682
Confusion Matrix: 
 [[0.45277778 0.31944444 0.22777778]
 [0.40689655 0.31034483 0.28275862]
 [0.30392157 0.31568627 0.38039216]]
Classification Report: 
               precision    recall  f1-score   support

         0.0       0.43      0.45      0.44       360
         1.0       0.14      0.31      0.19       145
         2.0       0.61      0.38      0.47       510

    accuracy                           0.40      1015
   macro avg       0.39      0.38      0.37      1015
weighted avg       0.48      0.40      0.42      1015

Fold 6
Evaluation on test set, 
 Accuracy: 0.4020, Recall: 0.4052, Precision: 0.3970, F1 Score: 0.3786
Confusion Matrix: 
 [[0.45180723 0.29518072 0.25301205]
 [0.29861111 0.38888889 0.3125    ]
 [0.33951763 0.28571429 0.37476809]]
Classification Report: 
               precision    recall  f1-score   support

         0.0       0.40      0.45      0.42       332
         1.0       0.18      0.39      0.25       144
         2.0       0.61      0.37      0.46       539

    accuracy                           0.40      1015
   macro avg       0.40      0.41      0.38      1015
weighted avg       0.48      0.40      0.42      1015

Fold 7
Evaluation on test set, 
 Accuracy: 0.3911, Recall: 0.3932, Precision: 0.3881, F1 Score: 0.3688
Confusion Matrix: 
 [[0.50308642 0.23765432 0.25925926]
 [0.37662338 0.33766234 0.28571429]
 [0.33705773 0.32402235 0.33891993]]
Classification Report: 
               precision    recall  f1-score   support

         0.0       0.41      0.50      0.45       324
         1.0       0.17      0.34      0.23       154
         2.0       0.59      0.34      0.43       537

    accuracy                           0.39      1015
   macro avg       0.39      0.39      0.37      1015
weighted avg       0.47      0.39      0.41      1015

Fold 8
Evaluation on test set, 
 Accuracy: 0.3892, Recall: 0.3749, Precision: 0.3806, F1 Score: 0.3513
Confusion Matrix: 
 [[0.44413408 0.30446927 0.25139665]
 [0.3853211  0.31192661 0.30275229]
 [0.34671533 0.28467153 0.36861314]]
Classification Report: 
               precision    recall  f1-score   support

         0.0       0.41      0.44      0.42       358
         1.0       0.11      0.31      0.17       109
         2.0       0.62      0.37      0.46       548

    accuracy                           0.39      1015
   macro avg       0.38      0.37      0.35      1015
weighted avg       0.49      0.39      0.42      1015

Fold 9
Evaluation on test set, 
 Accuracy: 0.3685, Recall: 0.3735, Precision: 0.3787, F1 Score: 0.3394
Confusion Matrix: 
 [[0.44444444 0.3496732  0.20588235]
 [0.35       0.34166667 0.30833333]
 [0.36332767 0.30220713 0.3344652 ]]
Classification Report: 
               precision    recall  f1-score   support

         0.0       0.35      0.44      0.39       306
         1.0       0.13      0.34      0.18       120
         2.0       0.66      0.33      0.44       589

    accuracy                           0.37      1015
   macro avg       0.38      0.37      0.34      1015
weighted avg       0.50      0.37      0.40      1015

Average metrics:
 Accuracy: 0.3836, Precision: 0.3844, Recall: 0.3829, F1: 0.3587
  model    pca standard tune  accuracy  precision    recall        f1
0    dt  False    False  NaN  0.455961   0.387723  0.388219  0.386224
0    dt  False     True  NaN  0.450443   0.382196  0.383065  0.381336
0    dt   True     True  NaN  0.413103   0.366522  0.364036  0.359891
0   knn  False    False  NaN  0.378522   0.381686  0.377904  0.353423
0   knn  False     True  NaN  0.383645   0.384434  0.382870  0.358665
Model: knn, PCA: True, Standard: True, SMOTE: True, Tune: None, Param_load: False
Dataset size: 10150
Features name : ['diravg', 'humidrel', 'ocurcause', 'ocurdo', 'rainamount', 'raindays', 'tempavg', 'windavg', 'within_30km', 'within_30km_fact', 'height']
Target name : ['scale_damage']
------------------------------------------------------------
KNeighborsClassifier()
------------------------------------------------------------
Fold 0
<< PCA: 11 -> 10 >>
Evaluation on test set, 
 Accuracy: 0.3882, Recall: 0.3748, Precision: 0.3778, F1 Score: 0.3597
Confusion Matrix: 
 [[0.43636364 0.29090909 0.27272727]
 [0.36       0.30666667 0.33333333]
 [0.3271028  0.29158879 0.38130841]]
Classification Report: 
               precision    recall  f1-score   support

         0.0       0.39      0.44      0.41       330
         1.0       0.15      0.31      0.21       150
         2.0       0.59      0.38      0.46       535

    accuracy                           0.39      1015
   macro avg       0.38      0.37      0.36      1015
weighted avg       0.46      0.39      0.41      1015

Fold 1
<< PCA: 11 -> 10 >>
Evaluation on test set, 
 Accuracy: 0.3783, Recall: 0.3812, Precision: 0.3871, F1 Score: 0.3542
Confusion Matrix: 
 [[0.47335423 0.29153605 0.23510972]
 [0.43571429 0.33571429 0.22857143]
 [0.32733813 0.3381295  0.33453237]]
Classification Report: 
               precision    recall  f1-score   support

         0.0       0.38      0.47      0.42       319
         1.0       0.14      0.34      0.20       140
         2.0       0.63      0.33      0.44       556

    accuracy                           0.38      1015
   macro avg       0.39      0.38      0.35      1015
weighted avg       0.49      0.38      0.40      1015

Fold 2
<< PCA: 11 -> 10 >>
Evaluation on test set, 
 Accuracy: 0.3616, Recall: 0.3607, Precision: 0.3622, F1 Score: 0.3370
Confusion Matrix: 
 [[0.44508671 0.28323699 0.2716763 ]
 [0.42222222 0.31851852 0.25925926]
 [0.36516854 0.3164794  0.31835206]]
Classification Report: 
               precision    recall  f1-score   support

         0.0       0.38      0.45      0.41       346
         1.0       0.14      0.32      0.19       135
         2.0       0.57      0.32      0.41       534

    accuracy                           0.36      1015
   macro avg       0.36      0.36      0.34      1015
weighted avg       0.45      0.36      0.38      1015

Fold 3
<< PCA: 11 -> 10 >>
Evaluation on test set, 
 Accuracy: 0.3714, Recall: 0.3702, Precision: 0.3775, F1 Score: 0.3486
Confusion Matrix: 
 [[0.45530726 0.32122905 0.22346369]
 [0.40140845 0.33098592 0.26760563]
 [0.36116505 0.31456311 0.32427184]]
Classification Report: 
               precision    recall  f1-score   support

         0.0       0.40      0.46      0.43       358
         1.0       0.15      0.33      0.20       142
         2.0       0.59      0.32      0.42       515

    accuracy                           0.37      1015
   macro avg       0.38      0.37      0.35      1015
weighted avg       0.46      0.37      0.39      1015

Fold 4
<< PCA: 11 -> 10 >>
Evaluation on test set, 
