OrderedDict([('data_path', './dataset/FireDataset.csv'),
             ('param_path', './models/config'),
             ('seed', 64),
             ('redirector', True),
             ('visual', True),
             ('model', 'rf'),
             ('param_load', False),
             ('voting_list', ['dt', 'knn', 'rf', 'ab', 'gb']),
             ('tune', None),
             ('n_iter', 10),
             ('cv', 5),
             ('pca', False),
             ('n_components', 0.95),
             ('smote', False),
             ('standard', False),
             ('eval', 'holdout'),
             ('n_split', 10),
             ('num_class', 3)])
------------------------------------------------------------
Model: dt, PCA: False, Standard: False, SMOTE: False, Tune: None, Param_load: False
       diravg  humidrel  ocurcause  ocurdo  rainamount  ...  windavg  within_30km  within_30km_fact  height  scale_damage
0          13      57.0          6       0         0.5  ...      1.9          2.0                 0   493.5           2.0
1           8      46.0          2       2         1.5  ...      2.4          7.0               159   622.1           1.0
2          10      57.0          0       0         0.5  ...      1.3          3.0                 0   557.5           2.0
3          22      46.0          7      13         1.5  ...      3.3          4.0                22   354.7           0.0
4           8      40.0          1       0         0.5  ...      2.0          3.0                 1   535.5           1.0
...       ...       ...        ...     ...         ...  ...      ...          ...               ...     ...           ...
10145       5      66.0          7       5         1.1  ...      2.3         10.0                41   579.0           0.0
10146       8      18.0          2       2         0.6  ...      1.0          5.0                80   681.3           1.0
10147       9      51.0          7       2         0.5  ...      4.0          4.0                47   136.0           0.0
10148      10      54.0          5       2         0.8  ...      6.7          3.0                35   264.9           0.0
10149       9      54.0          2       2         0.7  ...      6.7          9.0               204   284.4           2.0

[10150 rows x 12 columns]
Dataset size: 10150
Features name : ['diravg', 'humidrel', 'ocurcause', 'ocurdo', 'rainamount', 'raindays', 'tempavg', 'windavg', 'within_30km', 'within_30km_fact', 'height']
Target name : ['scale_damage']
------------------------------------------------------------
DecisionTreeClassifier(random_state=64)
------------------------------------------------------------
Fold 0
Evaluation on test set, 
 Accuracy: 0.4571, Recall: 0.3678, Precision: 0.3679, F1 Score: 0.3678
Confusion Matrix: 
 [[0.36094675 0.16863905 0.4704142 ]
 [0.44285714 0.14285714 0.41428571]
 [0.27746741 0.12290503 0.59962756]]
Classification Report: 
               precision    recall  f1-score   support

         0.0       0.37      0.36      0.36       338
         1.0       0.14      0.14      0.14       140
         2.0       0.60      0.60      0.60       537

    accuracy                           0.46      1015
   macro avg       0.37      0.37      0.37      1015
weighted avg       0.46      0.46      0.46      1015

Fold 1
Evaluation on test set, 
 Accuracy: 0.4374, Recall: 0.3622, Precision: 0.3638, F1 Score: 0.3624
Confusion Matrix: 
 [[0.38757396 0.17159763 0.4408284 ]
 [0.31428571 0.15714286 0.52857143]
 [0.29050279 0.16759777 0.54189944]]
Classification Report: 
               precision    recall  f1-score   support

         0.0       0.40      0.39      0.39       338
         1.0       0.13      0.16      0.14       140
         2.0       0.57      0.54      0.55       537

    accuracy                           0.44      1015
   macro avg       0.36      0.36      0.36      1015
weighted avg       0.45      0.44      0.44      1015

Fold 2
Evaluation on test set, 
 Accuracy: 0.4463, Recall: 0.3639, Precision: 0.3639, F1 Score: 0.3638
Confusion Matrix: 
 [[0.38348083 0.15634218 0.46017699]
 [0.39568345 0.14388489 0.46043165]
 [0.30912477 0.12662942 0.56424581]]
Classification Report: 
               precision    recall  f1-score   support

         0.0       0.37      0.38      0.38       339
         1.0       0.14      0.14      0.14       139
         2.0       0.58      0.56      0.57       537

    accuracy                           0.45      1015
   macro avg       0.36      0.36      0.36      1015
weighted avg       0.45      0.45      0.45      1015

Fold 3
Evaluation on test set, 
 Accuracy: 0.4778, Recall: 0.3895, Precision: 0.3901, F1 Score: 0.3898
Confusion Matrix: 
 [[0.43067847 0.13569322 0.43362832]
 [0.32374101 0.14388489 0.5323741 ]
 [0.26256983 0.1433892  0.59404097]]
Classification Report: 
               precision    recall  f1-score   support

         0.0       0.44      0.43      0.44       339
         1.0       0.14      0.14      0.14       139
         2.0       0.59      0.59      0.59       537

    accuracy                           0.48      1015
   macro avg       0.39      0.39      0.39      1015
weighted avg       0.48      0.48      0.48      1015

Fold 4
Evaluation on test set, 
 Accuracy: 0.4463, Recall: 0.3543, Precision: 0.3540, F1 Score: 0.3542
Confusion Matrix: 
 [[0.40707965 0.12979351 0.46312684]
 [0.3381295  0.09352518 0.56834532]
 [0.2886406  0.14897579 0.56238361]]
Classification Report: 
               precision    recall  f1-score   support

         0.0       0.41      0.41      0.41       339
         1.0       0.09      0.09      0.09       139
         2.0       0.56      0.56      0.56       537

    accuracy                           0.45      1015
   macro avg       0.35      0.35      0.35      1015
weighted avg       0.45      0.45      0.45      1015

Fold 5
Evaluation on test set, 
 Accuracy: 0.4867, Recall: 0.3940, Precision: 0.3949, F1 Score: 0.3943
Confusion Matrix: 
 [[0.40707965 0.14749263 0.44542773]
 [0.34532374 0.15107914 0.50359712]
 [0.24953445 0.12662942 0.62383613]]
Classification Report: 
               precision    recall  f1-score   support

         0.0       0.43      0.41      0.42       339
         1.0       0.15      0.15      0.15       139
         2.0       0.60      0.62      0.61       537

    accuracy                           0.49      1015
   macro avg       0.39      0.39      0.39      1015
weighted avg       0.48      0.49      0.48      1015

Fold 6
Evaluation on test set, 
 Accuracy: 0.4414, Recall: 0.3701, Precision: 0.3696, F1 Score: 0.3694
Confusion Matrix: 
 [[0.40117994 0.15634218 0.44247788]
 [0.33093525 0.17266187 0.49640288]
 [0.31098696 0.15270019 0.53631285]]
Classification Report: 
               precision    recall  f1-score   support

         0.0       0.39      0.40      0.40       339
         1.0       0.15      0.17      0.16       139
         2.0       0.57      0.54      0.55       537

    accuracy                           0.44      1015
   macro avg       0.37      0.37      0.37      1015
weighted avg       0.45      0.44      0.45      1015

Fold 7
Evaluation on test set, 
 Accuracy: 0.4631, Recall: 0.3699, Precision: 0.3696, F1 Score: 0.3697
Confusion Matrix: 
 [[0.41887906 0.13569322 0.44542773]
 [0.33093525 0.10791367 0.56115108]
 [0.27932961 0.13780261 0.58286778]]
Classification Report: 
               precision    recall  f1-score   support

         0.0       0.42      0.42      0.42       339
         1.0       0.11      0.11      0.11       139
         2.0       0.58      0.58      0.58       537

    accuracy                           0.46      1015
   macro avg       0.37      0.37      0.37      1015
weighted avg       0.46      0.46      0.46      1015

Fold 8
Evaluation on test set, 
 Accuracy: 0.4788, Recall: 0.3952, Precision: 0.3938, F1 Score: 0.3942
Confusion Matrix: 
 [[0.4719764  0.13864307 0.38938053]
 [0.3381295  0.14388489 0.51798561]
 [0.29236499 0.13780261 0.5698324 ]]
Classification Report: 
               precision    recall  f1-score   support

         0.0       0.44      0.47      0.46       339
         1.0       0.14      0.14      0.14       139
         2.0       0.60      0.57      0.58       537

    accuracy                           0.48      1015
   macro avg       0.39      0.40      0.39      1015
weighted avg       0.48      0.48      0.48      1015

Fold 9
Evaluation on test set, 
 Accuracy: 0.4700, Recall: 0.3962, Precision: 0.3953, F1 Score: 0.3957
Confusion Matrix: 
 [[0.43952802 0.13274336 0.42772861]
 [0.29285714 0.18571429 0.52142857]
 [0.30410448 0.13246269 0.56343284]]
Classification Report: 
               precision    recall  f1-score   support

         0.0       0.42      0.44      0.43       339
         1.0       0.18      0.19      0.18       140
         2.0       0.58      0.56      0.57       536

    accuracy                           0.47      1015
   macro avg       0.40      0.40      0.40      1015
weighted avg       0.47      0.47      0.47      1015

Average metrics:
 Accuracy: 0.4605, Precision: 0.3763, Recall: 0.3763, F1: 0.3761
  model    pca standard tune  accuracy  precision    recall       f1
0    dt  False    False  NaN  0.460493   0.376287  0.376314  0.37613
Model: dt, PCA: False, Standard: True, SMOTE: False, Tune: None, Param_load: False
         diravg  humidrel  ocurcause    ocurdo  ...  within_30km  within_30km_fact    height  scale_damage
0     -0.187983  1.342604   0.082408 -1.173177  ...    -0.643098         -0.599769  0.461135           2.0
1     -0.914905  0.679353  -1.972725 -0.822789  ...    -0.132639          0.371370  0.936631           1.0
2     -0.624136  1.342604  -3.000291 -1.173177  ...    -0.541006         -0.599769  0.697774           2.0
3      1.120477  0.679353   0.596191  1.104342  ...    -0.438914         -0.465398 -0.052076           0.0
4     -0.914905  0.317580  -2.486508 -1.173177  ...    -0.541006         -0.593661  0.616429           1.0
...         ...       ...        ...       ...  ...          ...               ...       ...           ...
10145 -1.351059  1.885263   0.596191 -0.297208  ...     0.173637         -0.349350  0.777270           0.0
10146 -0.914905 -1.008921  -1.972725 -0.822789  ...    -0.336823         -0.111146  1.155522           1.0
10147 -0.769521  0.980831   0.596191 -0.822789  ...    -0.438914         -0.312703 -0.860716           0.0
10148 -0.624136  1.161717  -0.431375 -0.822789  ...    -0.541006         -0.385996 -0.384111           0.0
10149 -0.769521  1.161717  -1.972725 -0.822789  ...     0.071545          0.646221 -0.312010           2.0

[10150 rows x 12 columns]
Dataset size: 10150
Features name : ['diravg', 'humidrel', 'ocurcause', 'ocurdo', 'rainamount', 'raindays', 'tempavg', 'windavg', 'within_30km', 'within_30km_fact', 'height']
Target name : ['scale_damage']
------------------------------------------------------------
DecisionTreeClassifier(random_state=64)
------------------------------------------------------------
Fold 0
Evaluation on test set, 
 Accuracy: 0.4562, Recall: 0.3672, Precision: 0.3673, F1 Score: 0.3672
Confusion Matrix: 
 [[0.36094675 0.17159763 0.46745562]
 [0.43571429 0.14285714 0.42142857]
 [0.27932961 0.12290503 0.59776536]]
Classification Report: 
               precision    recall  f1-score   support

         0.0       0.37      0.36      0.36       338
         1.0       0.14      0.14      0.14       140
         2.0       0.60      0.60      0.60       537

    accuracy                           0.46      1015
   macro avg       0.37      0.37      0.37      1015
weighted avg       0.46      0.46      0.46      1015

Fold 1
Evaluation on test set, 
 Accuracy: 0.4384, Recall: 0.3650, Precision: 0.3659, F1 Score: 0.3649
Confusion Matrix: 
 [[0.39053254 0.16863905 0.4408284 ]
 [0.31428571 0.16428571 0.52142857]
 [0.29422719 0.16573557 0.54003724]]
Classification Report: 
               precision    recall  f1-score   support

         0.0       0.40      0.39      0.39       338
         1.0       0.14      0.16      0.15       140
         2.0       0.57      0.54      0.55       537

    accuracy                           0.44      1015
   macro avg       0.37      0.36      0.36      1015
weighted avg       0.45      0.44      0.44      1015

Fold 2
Evaluation on test set, 
 Accuracy: 0.4453, Recall: 0.3611, Precision: 0.3610, F1 Score: 0.3610
Confusion Matrix: 
 [[0.38053097 0.15634218 0.46312684]
 [0.39568345 0.13669065 0.4676259 ]
 [0.31098696 0.12290503 0.56610801]]
Classification Report: 
               precision    recall  f1-score   support

         0.0       0.37      0.38      0.37       339
         1.0       0.14      0.14      0.14       139
         2.0       0.58      0.57      0.57       537

    accuracy                           0.45      1015
   macro avg       0.36      0.36      0.36      1015
weighted avg       0.45      0.45      0.45      1015

Fold 3
Evaluation on test set, 
 Accuracy: 0.4749, Recall: 0.3877, Precision: 0.3885, F1 Score: 0.3880
Confusion Matrix: 
 [[0.43067847 0.13569322 0.43362832]
 [0.32374101 0.14388489 0.5323741 ]
 [0.26070764 0.15083799 0.58845438]]
Classification Report: 
               precision    recall  f1-score   support

         0.0       0.44      0.43      0.44       339
         1.0       0.14      0.14      0.14       139
         2.0       0.59      0.59      0.59       537

    accuracy                           0.47      1015
   macro avg       0.39      0.39      0.39      1015
weighted avg       0.48      0.47      0.48      1015

Fold 4
Evaluation on test set, 
 Accuracy: 0.4483, Recall: 0.3559, Precision: 0.3556, F1 Score: 0.3558
Confusion Matrix: 
 [[0.4100295  0.12684366 0.46312684]
 [0.34532374 0.09352518 0.56115108]
 [0.2849162  0.15083799 0.56424581]]
Classification Report: 
               precision    recall  f1-score   support

         0.0       0.41      0.41      0.41       339
         1.0       0.09      0.09      0.09       139
         2.0       0.56      0.56      0.56       537

    accuracy                           0.45      1015
   macro avg       0.36      0.36      0.36      1015
weighted avg       0.45      0.45      0.45      1015

Fold 5
Evaluation on test set, 
 Accuracy: 0.4887, Recall: 0.3952, Precision: 0.3962, F1 Score: 0.3955
Confusion Matrix: 
 [[0.40707965 0.15044248 0.44247788]
 [0.34532374 0.15107914 0.50359712]
 [0.24767225 0.12476723 0.62756052]]
Classification Report: 
               precision    recall  f1-score   support

         0.0       0.43      0.41      0.42       339
         1.0       0.15      0.15      0.15       139
         2.0       0.61      0.63      0.62       537

    accuracy                           0.49      1015
   macro avg       0.40      0.40      0.40      1015
weighted avg       0.49      0.49      0.49      1015

Fold 6
Evaluation on test set, 
 Accuracy: 0.4404, Recall: 0.3691, Precision: 0.3687, F1 Score: 0.3684
Confusion Matrix: 
 [[0.39823009 0.15929204 0.44247788]
 [0.33093525 0.17266187 0.49640288]
 [0.31098696 0.15270019 0.53631285]]
Classification Report: 
               precision    recall  f1-score   support

         0.0       0.39      0.40      0.39       339
         1.0       0.15      0.17      0.16       139
         2.0       0.57      0.54      0.55       537

    accuracy                           0.44      1015
   macro avg       0.37      0.37      0.37      1015
weighted avg       0.45      0.44      0.45      1015

Fold 7
Evaluation on test set, 
 Accuracy: 0.4640, Recall: 0.3705, Precision: 0.3702, F1 Score: 0.3704
Confusion Matrix: 
 [[0.41887906 0.13569322 0.44542773]
 [0.33093525 0.10791367 0.56115108]
 [0.27746741 0.13780261 0.58472998]]
Classification Report: 
               precision    recall  f1-score   support

         0.0       0.42      0.42      0.42       339
         1.0       0.11      0.11      0.11       139
         2.0       0.58      0.58      0.58       537

    accuracy                           0.46      1015
   macro avg       0.37      0.37      0.37      1015
weighted avg       0.46      0.46      0.46      1015

Fold 8
Evaluation on test set, 
 Accuracy: 0.4768, Recall: 0.3936, Precision: 0.3924, F1 Score: 0.3927
Confusion Matrix: 
 [[0.46902655 0.14159292 0.38938053]
 [0.3381295  0.14388489 0.51798561]
 [0.29236499 0.1396648  0.5679702 ]]
Classification Report: 
               precision    recall  f1-score   support

         0.0       0.44      0.47      0.45       339
         1.0       0.14      0.14      0.14       139
         2.0       0.60      0.57      0.58       537

    accuracy                           0.48      1015
   macro avg       0.39      0.39      0.39      1015
weighted avg       0.48      0.48      0.48      1015

Fold 9
Evaluation on test set, 
 Accuracy: 0.4690, Recall: 0.3970, Precision: 0.3960, F1 Score: 0.3964
Confusion Matrix: 
 [[0.43657817 0.12979351 0.43362832]
 [0.29285714 0.19285714 0.51428571]
 [0.30410448 0.13432836 0.56156716]]
Classification Report: 
               precision    recall  f1-score   support

         0.0       0.42      0.44      0.43       339
         1.0       0.19      0.19      0.19       140
         2.0       0.58      0.56      0.57       536

    accuracy                           0.47      1015
   macro avg       0.40      0.40      0.40      1015
weighted avg       0.47      0.47      0.47      1015

Average metrics:
 Accuracy: 0.4602, Precision: 0.3762, Recall: 0.3762, F1: 0.3760
  model    pca standard tune  accuracy  precision    recall        f1
0    dt  False    False  NaN  0.460493   0.376287  0.376314  0.376130
0    dt  False     True  NaN  0.460197   0.376197  0.376230  0.376037
Model: dt, PCA: True, Standard: True, SMOTE: False, Tune: None, Param_load: False
         diravg  humidrel  ocurcause    ocurdo  ...  within_30km  within_30km_fact    height  scale_damage
0     -0.187983  1.342604   0.082408 -1.173177  ...    -0.643098         -0.599769  0.461135           2.0
1     -0.914905  0.679353  -1.972725 -0.822789  ...    -0.132639          0.371370  0.936631           1.0
2     -0.624136  1.342604  -3.000291 -1.173177  ...    -0.541006         -0.599769  0.697774           2.0
3      1.120477  0.679353   0.596191  1.104342  ...    -0.438914         -0.465398 -0.052076           0.0
4     -0.914905  0.317580  -2.486508 -1.173177  ...    -0.541006         -0.593661  0.616429           1.0
...         ...       ...        ...       ...  ...          ...               ...       ...           ...
10145 -1.351059  1.885263   0.596191 -0.297208  ...     0.173637         -0.349350  0.777270           0.0
10146 -0.914905 -1.008921  -1.972725 -0.822789  ...    -0.336823         -0.111146  1.155522           1.0
10147 -0.769521  0.980831   0.596191 -0.822789  ...    -0.438914         -0.312703 -0.860716           0.0
10148 -0.624136  1.161717  -0.431375 -0.822789  ...    -0.541006         -0.385996 -0.384111           0.0
10149 -0.769521  1.161717  -1.972725 -0.822789  ...     0.071545          0.646221 -0.312010           2.0

[10150 rows x 12 columns]
Dataset size: 10150
Features name : ['diravg', 'humidrel', 'ocurcause', 'ocurdo', 'rainamount', 'raindays', 'tempavg', 'windavg', 'within_30km', 'within_30km_fact', 'height']
Target name : ['scale_damage']
------------------------------------------------------------
DecisionTreeClassifier(random_state=64)
------------------------------------------------------------
Fold 0
<< PCA: 11 -> 10 >>
Evaluation on test set, 
 Accuracy: 0.4670, Recall: 0.3753, Precision: 0.3780, F1 Score: 0.3764
Confusion Matrix: 
 [[0.41420118 0.12130178 0.46449704]
 [0.32857143 0.12142857 0.55      ]
 [0.24022346 0.16945996 0.59031657]]
Classification Report: 
               precision    recall  f1-score   support

         0.0       0.44      0.41      0.43       338
         1.0       0.11      0.12      0.12       140
         2.0       0.58      0.59      0.58       537

    accuracy                           0.47      1015
   macro avg       0.38      0.38      0.38      1015
weighted avg       0.47      0.47      0.47      1015

Fold 1
<< PCA: 11 -> 10 >>
Evaluation on test set, 
 Accuracy: 0.4394, Recall: 0.3589, Precision: 0.3606, F1 Score: 0.3595
Confusion Matrix: 
 [[0.39349112 0.15680473 0.44970414]
 [0.35       0.13571429 0.51428571]
 [0.2849162  0.16759777 0.54748603]]
Classification Report: 
               precision    recall  f1-score   support

         0.0       0.40      0.39      0.40       338
         1.0       0.12      0.14      0.13       140
         2.0       0.57      0.55      0.56       537

    accuracy                           0.44      1015
   macro avg       0.36      0.36      0.36      1015
weighted avg       0.45      0.44      0.44      1015

Fold 2
<< PCA: 11 -> 10 >>
Evaluation on test set, 
 Accuracy: 0.4345, Recall: 0.3589, Precision: 0.3593, F1 Score: 0.3587
Confusion Matrix: 
 [[0.38938053 0.16224189 0.44837758]
 [0.38848921 0.15107914 0.46043165]
 [0.31471136 0.14897579 0.53631285]]
Classification Report: 
               precision    recall  f1-score   support

         0.0       0.37      0.39      0.38       339
         1.0       0.13      0.15      0.14       139
         2.0       0.57      0.54      0.55       537

    accuracy                           0.43      1015
   macro avg       0.36      0.36      0.36      1015
weighted avg       0.44      0.43      0.44      1015

Fold 3
<< PCA: 11 -> 10 >>
Evaluation on test set, 
 Accuracy: 0.4099, Recall: 0.3355, Precision: 0.3367, F1 Score: 0.3359
Confusion Matrix: 
 [[0.36873156 0.12094395 0.51032448]
 [0.32374101 0.1294964  0.54676259]
 [0.30726257 0.18435754 0.50837989]]
Classification Report: 
               precision    recall  f1-score   support

         0.0       0.37      0.37      0.37       339
         1.0       0.11      0.13      0.12       139
         2.0       0.52      0.51      0.52       537

    accuracy                           0.41      1015
   macro avg       0.34      0.34      0.34      1015
weighted avg       0.42      0.41      0.41      1015

Fold 4
<< PCA: 11 -> 10 >>
Evaluation on test set, 
 Accuracy: 0.4512, Recall: 0.3734, Precision: 0.3737, F1 Score: 0.3733
Confusion Matrix: 
 [[0.39233038 0.13569322 0.4719764 ]
 [0.41007194 0.16546763 0.42446043]
 [0.31843575 0.11918063 0.56238361]]
Classification Report: 
               precision    recall  f1-score   support

         0.0       0.37      0.39      0.38       339
         1.0       0.17      0.17      0.17       139
         2.0       0.58      0.56      0.57       537

    accuracy                           0.45      1015
   macro avg       0.37      0.37      0.37      1015
weighted avg       0.45      0.45      0.45      1015

Fold 5
<< PCA: 11 -> 10 >>
Evaluation on test set, 
 Accuracy: 0.4217, Recall: 0.3530, Precision: 0.3528, F1 Score: 0.3520
Confusion Matrix: 
 [[0.40707965 0.13569322 0.45722714]
 [0.41726619 0.15107914 0.43165468]
 [0.33147114 0.16759777 0.5009311 ]]
Classification Report: 
               precision    recall  f1-score   support

         0.0       0.37      0.41      0.39       339
         1.0       0.13      0.15      0.14       139
         2.0       0.56      0.50      0.53       537

    accuracy                           0.42      1015
   macro avg       0.35      0.35      0.35      1015
weighted avg       0.44      0.42      0.43      1015

Fold 6
<< PCA: 11 -> 10 >>
Evaluation on test set, 
 Accuracy: 0.4345, Recall: 0.3474, Precision: 0.3477, F1 Score: 0.3475
Confusion Matrix: 
 [[0.33923304 0.15929204 0.50147493]
 [0.36690647 0.1294964  0.50359712]
 [0.29236499 0.13407821 0.5735568 ]]
Classification Report: 
               precision    recall  f1-score   support

         0.0       0.36      0.34      0.35       339
         1.0       0.12      0.13      0.13       139
         2.0       0.56      0.57      0.57       537

    accuracy                           0.43      1015
   macro avg       0.35      0.35      0.35      1015
weighted avg       0.43      0.43      0.43      1015

Fold 7
<< PCA: 11 -> 10 >>
Evaluation on test set, 
 Accuracy: 0.4374, Recall: 0.3626, Precision: 0.3623, F1 Score: 0.3624
Confusion Matrix: 
 [[0.38938053 0.13569322 0.47492625]
 [0.28776978 0.15827338 0.55395683]
 [0.31657356 0.1433892  0.54003724]]
Classification Report: 
               precision    recall  f1-score   support

         0.0       0.39      0.39      0.39       339
         1.0       0.15      0.16      0.15       139
         2.0       0.55      0.54      0.54       537

    accuracy                           0.44      1015
   macro avg       0.36      0.36      0.36      1015
weighted avg       0.44      0.44      0.44      1015

Fold 8
<< PCA: 11 -> 10 >>
Evaluation on test set, 
 Accuracy: 0.4571, Recall: 0.3875, Precision: 0.3869, F1 Score: 0.3870
Confusion Matrix: 
 [[0.43362832 0.1120944  0.45427729]
 [0.25179856 0.18705036 0.56115108]
 [0.2867784  0.17132216 0.54189944]]
Classification Report: 
               precision    recall  f1-score   support

         0.0       0.44      0.43      0.44       339
         1.0       0.17      0.19      0.18       139
         2.0       0.56      0.54      0.55       537

    accuracy                           0.46      1015
   macro avg       0.39      0.39      0.39      1015
weighted avg       0.46      0.46      0.46      1015

Fold 9
<< PCA: 11 -> 10 >>
Evaluation on test set, 
 Accuracy: 0.4394, Recall: 0.3620, Precision: 0.3623, F1 Score: 0.3620
Confusion Matrix: 
 [[0.38938053 0.15339233 0.45722714]
 [0.3        0.15       0.55      ]
 [0.30597015 0.14738806 0.54664179]]
Classification Report: 
               precision    recall  f1-score   support

         0.0       0.39      0.39      0.39       339
         1.0       0.14      0.15      0.14       140
         2.0       0.56      0.55      0.55       536

    accuracy                           0.44      1015
   macro avg       0.36      0.36      0.36      1015
weighted avg       0.44      0.44      0.44      1015

Average metrics:
 Accuracy: 0.4392, Precision: 0.3620, Recall: 0.3615, F1: 0.3615
  model    pca standard tune  accuracy  precision    recall        f1
0    dt  False    False  NaN  0.460493   0.376287  0.376314  0.376130
0    dt  False     True  NaN  0.460197   0.376197  0.376230  0.376037
0    dt   True     True  NaN  0.439212   0.362018  0.361462  0.361462
Model: knn, PCA: False, Standard: False, SMOTE: False, Tune: None, Param_load: False
       diravg  humidrel  ocurcause  ocurdo  rainamount  ...  windavg  within_30km  within_30km_fact  height  scale_damage
0          13      57.0          6       0         0.5  ...      1.9          2.0                 0   493.5           2.0
1           8      46.0          2       2         1.5  ...      2.4          7.0               159   622.1           1.0
2          10      57.0          0       0         0.5  ...      1.3          3.0                 0   557.5           2.0
3          22      46.0          7      13         1.5  ...      3.3          4.0                22   354.7           0.0
4           8      40.0          1       0         0.5  ...      2.0          3.0                 1   535.5           1.0
...       ...       ...        ...     ...         ...  ...      ...          ...               ...     ...           ...
10145       5      66.0          7       5         1.1  ...      2.3         10.0                41   579.0           0.0
10146       8      18.0          2       2         0.6  ...      1.0          5.0                80   681.3           1.0
10147       9      51.0          7       2         0.5  ...      4.0          4.0                47   136.0           0.0
10148      10      54.0          5       2         0.8  ...      6.7          3.0                35   264.9           0.0
10149       9      54.0          2       2         0.7  ...      6.7          9.0               204   284.4           2.0

[10150 rows x 12 columns]
Dataset size: 10150
Features name : ['diravg', 'humidrel', 'ocurcause', 'ocurdo', 'rainamount', 'raindays', 'tempavg', 'windavg', 'within_30km', 'within_30km_fact', 'height']
Target name : ['scale_damage']
------------------------------------------------------------
KNeighborsClassifier()
------------------------------------------------------------
Fold 0
Evaluation on test set, 
 Accuracy: 0.4729, Recall: 0.3735, Precision: 0.3717, F1 Score: 0.3707
Confusion Matrix: 
 [[0.4260355  0.09171598 0.48224852]
 [0.35       0.09285714 0.55714286]
 [0.30912477 0.08938547 0.60148976]]
Classification Report: 
               precision    recall  f1-score   support

         0.0       0.40      0.43      0.41       338
         1.0       0.14      0.09      0.11       140
         2.0       0.57      0.60      0.59       537

    accuracy                           0.47      1015
   macro avg       0.37      0.37      0.37      1015
weighted avg       0.46      0.47      0.46      1015

Fold 1
Evaluation on test set, 
 Accuracy: 0.4749, Recall: 0.3776, Precision: 0.3812, F1 Score: 0.3741
Confusion Matrix: 
 [[0.44970414 0.06213018 0.48816568]
 [0.35       0.09285714 0.55714286]
 [0.33891993 0.0707635  0.59031657]]
Classification Report: 
               precision    recall  f1-score   support

         0.0       0.40      0.45      0.42       338
         1.0       0.18      0.09      0.12       140
         2.0       0.57      0.59      0.58       537

    accuracy                           0.47      1015
   macro avg       0.38      0.38      0.37      1015
weighted avg       0.46      0.47      0.46      1015

Fold 2
Evaluation on test set, 
 Accuracy: 0.4700, Recall: 0.3668, Precision: 0.3632, F1 Score: 0.3618
Confusion Matrix: 
 [[0.43067847 0.07964602 0.48967552]
 [0.35971223 0.07194245 0.56834532]
 [0.32774674 0.0744879  0.59776536]]
Classification Report: 
               precision    recall  f1-score   support

         0.0       0.39      0.43      0.41       339
         1.0       0.13      0.07      0.09       139
         2.0       0.57      0.60      0.58       537

    accuracy                           0.47      1015
   macro avg       0.36      0.37      0.36      1015
weighted avg       0.45      0.47      0.46      1015

Fold 3
Evaluation on test set, 
 Accuracy: 0.4956, Recall: 0.3941, Precision: 0.3940, F1 Score: 0.3888
Confusion Matrix: 
 [[0.49262537 0.07079646 0.43657817]
 [0.33093525 0.08633094 0.58273381]
 [0.33147114 0.06517691 0.60335196]]
Classification Report: 
               precision    recall  f1-score   support

         0.0       0.43      0.49      0.46       339
         1.0       0.17      0.09      0.11       139
         2.0       0.59      0.60      0.59       537

    accuracy                           0.50      1015
   macro avg       0.39      0.39      0.39      1015
weighted avg       0.48      0.50      0.48      1015

Fold 4
Evaluation on test set, 
 Accuracy: 0.4946, Recall: 0.3789, Precision: 0.3602, F1 Score: 0.3657
Confusion Matrix: 
 [[0.48967552 0.04719764 0.46312684]
 [0.38129496 0.02877698 0.58992806]
 [0.31471136 0.06703911 0.61824953]]
Classification Report: 
               precision    recall  f1-score   support

         0.0       0.43      0.49      0.46       339
         1.0       0.07      0.03      0.04       139
         2.0       0.58      0.62      0.60       537

    accuracy                           0.49      1015
   macro avg       0.36      0.38      0.37      1015
weighted avg       0.46      0.49      0.48      1015

Fold 5
Evaluation on test set, 
 Accuracy: 0.4709, Recall: 0.3735, Precision: 0.3732, F1 Score: 0.3704
Confusion Matrix: 
 [[0.43657817 0.08259587 0.48082596]
 [0.37410072 0.09352518 0.5323741 ]
 [0.32960894 0.08007449 0.59031657]]
Classification Report: 
               precision    recall  f1-score   support

         0.0       0.39      0.44      0.41       339
         1.0       0.15      0.09      0.12       139
         2.0       0.57      0.59      0.58       537

    accuracy                           0.47      1015
   macro avg       0.37      0.37      0.37      1015
weighted avg       0.46      0.47      0.46      1015

Fold 6
Evaluation on test set, 
 Accuracy: 0.4768, Recall: 0.3729, Precision: 0.3718, F1 Score: 0.3685
Confusion Matrix: 
 [[0.43067847 0.07669617 0.49262537]
 [0.34532374 0.07913669 0.57553957]
 [0.32029795 0.0707635  0.60893855]]
Classification Report: 
               precision    recall  f1-score   support

         0.0       0.40      0.43      0.41       339
         1.0       0.15      0.08      0.10       139
         2.0       0.57      0.61      0.59       537

    accuracy                           0.48      1015
   macro avg       0.37      0.37      0.37      1015
weighted avg       0.45      0.48      0.46      1015

Fold 7
Evaluation on test set, 
 Accuracy: 0.4985, Recall: 0.3894, Precision: 0.4011, F1 Score: 0.3874
Confusion Matrix: 
 [[0.4100295  0.05014749 0.53982301]
 [0.35971223 0.10071942 0.53956835]
 [0.27932961 0.06331471 0.65735568]]
Classification Report: 
               precision    recall  f1-score   support

         0.0       0.41      0.41      0.41       339
         1.0       0.22      0.10      0.14       139
         2.0       0.58      0.66      0.61       537

    accuracy                           0.50      1015
   macro avg       0.40      0.39      0.39      1015
weighted avg       0.47      0.50      0.48      1015

Fold 8
Evaluation on test set, 
 Accuracy: 0.4847, Recall: 0.3859, Precision: 0.3847, F1 Score: 0.3794
Confusion Matrix: 
 [[0.49557522 0.05309735 0.45132743]
 [0.35251799 0.07913669 0.56834532]
 [0.34450652 0.0726257  0.58286778]]
Classification Report: 
               precision    recall  f1-score   support

         0.0       0.42      0.50      0.45       339
         1.0       0.16      0.08      0.11       139
         2.0       0.57      0.58      0.58       537

    accuracy                           0.48      1015
   macro avg       0.38      0.39      0.38      1015
weighted avg       0.47      0.48      0.47      1015

Fold 9
Evaluation on test set, 
 Accuracy: 0.4719, Recall: 0.3736, Precision: 0.3687, F1 Score: 0.3689
Confusion Matrix: 
 [[0.46017699 0.07964602 0.46017699]
 [0.35       0.07857143 0.57142857]
 [0.32462687 0.09328358 0.58208955]]
Classification Report: 
               precision    recall  f1-score   support

         0.0       0.41      0.46      0.43       339
         1.0       0.12      0.08      0.10       140
         2.0       0.57      0.58      0.58       536

    accuracy                           0.47      1015
   macro avg       0.37      0.37      0.37      1015
weighted avg       0.46      0.47      0.46      1015

Average metrics:
 Accuracy: 0.4811, Precision: 0.3770, Recall: 0.3786, F1: 0.3736
  model    pca standard tune  accuracy  precision    recall        f1
0    dt  False    False  NaN  0.460493   0.376287  0.376314  0.376130
0    dt  False     True  NaN  0.460197   0.376197  0.376230  0.376037
0    dt   True     True  NaN  0.439212   0.362018  0.361462  0.361462
0   knn  False    False  NaN  0.481084   0.376957  0.378612  0.373561
Model: knn, PCA: False, Standard: True, SMOTE: False, Tune: None, Param_load: False
         diravg  humidrel  ocurcause    ocurdo  ...  within_30km  within_30km_fact    height  scale_damage
0     -0.187983  1.342604   0.082408 -1.173177  ...    -0.643098         -0.599769  0.461135           2.0
1     -0.914905  0.679353  -1.972725 -0.822789  ...    -0.132639          0.371370  0.936631           1.0
2     -0.624136  1.342604  -3.000291 -1.173177  ...    -0.541006         -0.599769  0.697774           2.0
3      1.120477  0.679353   0.596191  1.104342  ...    -0.438914         -0.465398 -0.052076           0.0
4     -0.914905  0.317580  -2.486508 -1.173177  ...    -0.541006         -0.593661  0.616429           1.0
...         ...       ...        ...       ...  ...          ...               ...       ...           ...
10145 -1.351059  1.885263   0.596191 -0.297208  ...     0.173637         -0.349350  0.777270           0.0
10146 -0.914905 -1.008921  -1.972725 -0.822789  ...    -0.336823         -0.111146  1.155522           1.0
10147 -0.769521  0.980831   0.596191 -0.822789  ...    -0.438914         -0.312703 -0.860716           0.0
10148 -0.624136  1.161717  -0.431375 -0.822789  ...    -0.541006         -0.385996 -0.384111           0.0
10149 -0.769521  1.161717  -1.972725 -0.822789  ...     0.071545          0.646221 -0.312010           2.0

[10150 rows x 12 columns]
Dataset size: 10150
Features name : ['diravg', 'humidrel', 'ocurcause', 'ocurdo', 'rainamount', 'raindays', 'tempavg', 'windavg', 'within_30km', 'within_30km_fact', 'height']
Target name : ['scale_damage']
------------------------------------------------------------
KNeighborsClassifier()
------------------------------------------------------------
Fold 0
Evaluation on test set, 
 Accuracy: 0.5034, Recall: 0.3837, Precision: 0.3730, F1 Score: 0.3730
Confusion Matrix: 
 [[0.45266272 0.0443787  0.50295858]
 [0.44285714 0.04285714 0.51428571]
 [0.27932961 0.06517691 0.65549348]]
Classification Report: 
               precision    recall  f1-score   support

         0.0       0.42      0.45      0.44       338
         1.0       0.11      0.04      0.06       140
         2.0       0.59      0.66      0.62       537

    accuracy                           0.50      1015
   macro avg       0.37      0.38      0.37      1015
weighted avg       0.47      0.50      0.48      1015

Fold 1
Evaluation on test set, 
 Accuracy: 0.5025, Recall: 0.4039, Precision: 0.4052, F1 Score: 0.4016
Confusion Matrix: 
 [[0.47928994 0.06804734 0.45266272]
 [0.37142857 0.11428571 0.51428571]
 [0.29050279 0.09124767 0.61824953]]
Classification Report: 
               precision    recall  f1-score   support

         0.0       0.44      0.48      0.46       338
         1.0       0.18      0.11      0.14       140
         2.0       0.60      0.62      0.61       537

    accuracy                           0.50      1015
   macro avg       0.41      0.40      0.40      1015
weighted avg       0.49      0.50      0.49      1015

Fold 2
Evaluation on test set, 
 Accuracy: 0.5044, Recall: 0.3985, Precision: 0.4081, F1 Score: 0.3957
Confusion Matrix: 
 [[0.45427729 0.07669617 0.46902655]
 [0.4028777  0.10071942 0.49640288]
 [0.31284916 0.04655493 0.6405959 ]]
Classification Report: 
               precision    recall  f1-score   support

         0.0       0.41      0.45      0.43       339
         1.0       0.22      0.10      0.14       139
         2.0       0.60      0.64      0.62       537

    accuracy                           0.50      1015
   macro avg       0.41      0.40      0.40      1015
weighted avg       0.48      0.50      0.49      1015

Fold 3
Evaluation on test set, 
 Accuracy: 0.5182, Recall: 0.4085, Precision: 0.3981, F1 Score: 0.4000
Confusion Matrix: 
 [[0.53687316 0.07079646 0.39233038]
 [0.38848921 0.0647482  0.54676259]
 [0.29236499 0.08379888 0.62383613]]
Classification Report: 
               precision    recall  f1-score   support

         0.0       0.46      0.54      0.50       339
         1.0       0.12      0.06      0.08       139
         2.0       0.62      0.62      0.62       537

    accuracy                           0.52      1015
   macro avg       0.40      0.41      0.40      1015
weighted avg       0.50      0.52      0.51      1015

Fold 4
Evaluation on test set, 
 Accuracy: 0.4926, Recall: 0.3894, Precision: 0.3858, F1 Score: 0.3837
Confusion Matrix: 
 [[0.48377581 0.06784661 0.44837758]
 [0.38129496 0.07913669 0.53956835]
 [0.31657356 0.07821229 0.60521415]]
Classification Report: 
               precision    recall  f1-score   support

         0.0       0.42      0.48      0.45       339
         1.0       0.14      0.08      0.10       139
         2.0       0.59      0.61      0.60       537

    accuracy                           0.49      1015
   macro avg       0.39      0.39      0.38      1015
