OrderedDict([('data_path', './dataset/FireDataset.csv'),
             ('param_path', './models/config'),
             ('seed', 64),
             ('redirector', True),
             ('visual', False),
             ('model', 'kmeans'),
             ('param_load', False),
             ('voting_list', ['dt', 'knn', 'rf', 'ab', 'gb']),
             ('tune', None),
             ('n_iter', 10),
             ('cv', 5),
             ('pca', False),
             ('n_components', 0.95),
             ('smote', False),
             ('standard', False),
             ('eval', 'kfold'),
             ('n_split', 10),
             ('num_class', 3)])
------------------------------------------------------------
Dataset size: 10150
Features name : ['diravg', 'humidrel', 'ocurcause', 'ocurdo', 'rainamount', 'raindays', 'tempavg', 'windavg', 'within_30km', 'within_30km_fact', 'height']
Target name : ['scale_damage']
------------------------------------------------------------
KMeans(n_clusters=3, random_state=64)
------------------------------------------------------------
Fold 0
Evaluation on test set, 
 Accuracy: 0.2660, Recall: 0.2970, Precision: 0.2536, F1 Score: 0.2189
Confusion Matrix: 
 [[0.64545455 0.20909091 0.14545455]
 [0.74666667 0.19333333 0.06      ]
 [0.71588785 0.2317757  0.05233645]]
Classification Report: 
               precision    recall  f1-score   support

         0.0       0.30      0.65      0.41       330
         1.0       0.13      0.19      0.16       150
         2.0       0.33      0.05      0.09       535

    accuracy                           0.27      1015
   macro avg       0.25      0.30      0.22      1015
weighted avg       0.29      0.27      0.20      1015

Fold 1
Evaluation on test set, 
 Accuracy: 0.2660, Recall: 0.3137, Precision: 0.2562, F1 Score: 0.2286
Confusion Matrix: 
 [[0.64263323 0.17868339 0.17868339]
 [0.7        0.24285714 0.05714286]
 [0.69604317 0.24820144 0.0557554 ]]
Classification Report: 
               precision    recall  f1-score   support

         0.0       0.30      0.64      0.41       319
         1.0       0.15      0.24      0.18       140
         2.0       0.32      0.06      0.10       556

    accuracy                           0.27      1015
   macro avg       0.26      0.31      0.23      1015
weighted avg       0.29      0.27      0.21      1015

Fold 2
Evaluation on test set, 
 Accuracy: 0.4493, Recall: 0.3297, Precision: 0.3218, F1 Score: 0.3194
Confusion Matrix: 
 [[0.21098266 0.15606936 0.63294798]
 [0.2962963  0.08148148 0.62222222]
 [0.23595506 0.06741573 0.69662921]]
Classification Report: 
               precision    recall  f1-score   support

         0.0       0.31      0.21      0.25       346
         1.0       0.11      0.08      0.09       135
         2.0       0.55      0.70      0.62       534

    accuracy                           0.45      1015
   macro avg       0.32      0.33      0.32      1015
weighted avg       0.41      0.45      0.42      1015

Fold 3
Evaluation on test set, 
 Accuracy: 0.1980, Recall: 0.3225, Precision: 0.2503, F1 Score: 0.1936
Confusion Matrix: 
 [[0.20391061 0.6396648  0.15642458]
 [0.19014085 0.71126761 0.09859155]
 [0.23883495 0.70873786 0.05242718]]
Classification Report: 
               precision    recall  f1-score   support

         0.0       0.33      0.20      0.25       358
         1.0       0.15      0.71      0.24       142
         2.0       0.28      0.05      0.09       515

    accuracy                           0.20      1015
   macro avg       0.25      0.32      0.19      1015
weighted avg       0.28      0.20      0.17      1015

Fold 4
Evaluation on test set, 
 Accuracy: 0.2690, Recall: 0.2995, Precision: 0.2400, F1 Score: 0.2259
Confusion Matrix: 
 [[0.5971831  0.25070423 0.15211268]
 [0.68181818 0.25974026 0.05844156]
 [0.70355731 0.25494071 0.04150198]]
Classification Report: 
               precision    recall  f1-score   support

         0.0       0.32      0.60      0.41       355
         1.0       0.16      0.26      0.19       154
         2.0       0.25      0.04      0.07       506

    accuracy                           0.27      1015
   macro avg       0.24      0.30      0.23      1015
weighted avg       0.26      0.27      0.21      1015

Fold 5
Evaluation on test set, 
 Accuracy: 0.3714, Recall: 0.3348, Precision: 0.3569, F1 Score: 0.3118
Confusion Matrix: 
 [[0.61666667 0.18611111 0.19722222]
 [0.66206897 0.11724138 0.22068966]
 [0.69607843 0.03333333 0.27058824]]
Classification Report: 
               precision    recall  f1-score   support

         0.0       0.33      0.62      0.43       360
         1.0       0.17      0.12      0.14       145
         2.0       0.57      0.27      0.37       510

    accuracy                           0.37      1015
   macro avg       0.36      0.33      0.31      1015
weighted avg       0.43      0.37      0.36      1015

Fold 6
Evaluation on test set, 
 Accuracy: 0.2581, Recall: 0.3397, Precision: 0.3965, F1 Score: 0.2449
Confusion Matrix: 
 [[0.10240964 0.68674699 0.21084337]
 [0.07638889 0.67361111 0.25      ]
 [0.04267161 0.71428571 0.24304267]]
Classification Report: 
               precision    recall  f1-score   support

         0.0       0.50      0.10      0.17       332
         1.0       0.14      0.67      0.23       144
         2.0       0.55      0.24      0.34       539

    accuracy                           0.26      1015
   macro avg       0.40      0.34      0.24      1015
weighted avg       0.48      0.26      0.27      1015

Fold 7
Evaluation on test set, 
 Accuracy: 0.2453, Recall: 0.2882, Precision: 0.2234, F1 Score: 0.2069
Confusion Matrix: 
 [[0.60185185 0.25308642 0.14506173]
 [0.7012987  0.22727273 0.07142857]
 [0.71880819 0.24581006 0.03538175]]
Classification Report: 
               precision    recall  f1-score   support

         0.0       0.28      0.60      0.38       324
         1.0       0.14      0.23      0.17       154
         2.0       0.25      0.04      0.06       537

    accuracy                           0.25      1015
   macro avg       0.22      0.29      0.21      1015
weighted avg       0.24      0.25      0.18      1015

Fold 8
Evaluation on test set, 
 Accuracy: 0.2532, Recall: 0.2783, Precision: 0.2170, F1 Score: 0.2027
Confusion Matrix: 
 [[0.58938547 0.22905028 0.18156425]
 [0.72477064 0.20183486 0.0733945 ]
 [0.69343066 0.26277372 0.04379562]]
Classification Report: 
               precision    recall  f1-score   support

         0.0       0.31      0.59      0.41       358
         1.0       0.09      0.20      0.12       109
         2.0       0.25      0.04      0.07       548

    accuracy                           0.25      1015
   macro avg       0.22      0.28      0.20      1015
weighted avg       0.25      0.25      0.20      1015

Fold 9
Evaluation on test set, 
 Accuracy: 0.2414, Recall: 0.3061, Precision: 0.2385, F1 Score: 0.2086
Confusion Matrix: 
 [[0.61764706 0.2254902  0.15686275]
 [0.68333333 0.25833333 0.05833333]
 [0.73684211 0.22071307 0.04244482]]
Classification Report: 
               precision    recall  f1-score   support

         0.0       0.27      0.62      0.37       306
         1.0       0.13      0.26      0.18       120
         2.0       0.31      0.04      0.07       589

    accuracy                           0.24      1015
   macro avg       0.24      0.31      0.21      1015
weighted avg       0.28      0.24      0.18      1015

Average metrics:
 Accuracy: 0.2818, Precision: 0.2754, Recall: 0.3110, F1: 0.2361
