OrderedDict([('data_path', './dataset/FireDataset.csv'),
             ('param_path', './models/config'),
             ('seed', 64),
             ('redirector', True),
             ('visual', False),
             ('model', 'bag'),
             ('param_load', False),
             ('voting_list', ['dt', 'knn', 'rf', 'ab', 'gb']),
             ('tune', None),
             ('n_iter', 10),
             ('cv', 5),
             ('pca', False),
             ('n_components', 0.95),
             ('smote', False),
             ('standard', False),
             ('eval', 'kfold'),
             ('n_split', 10),
             ('num_class', 3)])
------------------------------------------------------------
Model: dt, PCA: False, Standard: False, SMOTE: False, Tune: None, Param_load: False
Dataset size: 10150
Features name : ['diravg', 'humidrel', 'ocurcause', 'ocurdo', 'rainamount', 'raindays', 'tempavg', 'windavg', 'within_30km', 'within_30km_fact', 'height']
Target name : ['scale_damage']
------------------------------------------------------------
DecisionTreeClassifier(random_state=64)
------------------------------------------------------------
Fold 0
Evaluation on test set, 
 Accuracy: 0.4601, Recall: 0.3869, Precision: 0.3878, F1 Score: 0.3873
Confusion Matrix: 
 [[0.38787879 0.13333333 0.47878788]
 [0.32       0.19333333 0.48666667]
 [0.2953271  0.12523364 0.57943925]]
Classification Report: 
               precision    recall  f1-score   support

         0.0       0.38      0.39      0.39       330
         1.0       0.21      0.19      0.20       150
         2.0       0.57      0.58      0.58       535

    accuracy                           0.46      1015
   macro avg       0.39      0.39      0.39      1015
weighted avg       0.46      0.46      0.46      1015

Fold 1
Evaluation on test set, 
 Accuracy: 0.4700, Recall: 0.3795, Precision: 0.3795, F1 Score: 0.3795
Confusion Matrix: 
 [[0.38244514 0.1661442  0.45141066]
 [0.34285714 0.15714286 0.5       ]
 [0.27158273 0.1294964  0.59892086]]
Classification Report: 
               precision    recall  f1-score   support

         0.0       0.38      0.38      0.38       319
         1.0       0.15      0.16      0.15       140
         2.0       0.61      0.60      0.60       556

    accuracy                           0.47      1015
   macro avg       0.38      0.38      0.38      1015
weighted avg       0.47      0.47      0.47      1015

Fold 2
Evaluation on test set, 
 Accuracy: 0.4552, Recall: 0.3892, Precision: 0.3868, F1 Score: 0.3875
Confusion Matrix: 
 [[0.38728324 0.14450867 0.46820809]
 [0.37777778 0.22222222 0.4       ]
 [0.29588015 0.14606742 0.55805243]]
Classification Report: 
               precision    recall  f1-score   support

         0.0       0.39      0.39      0.39       346
         1.0       0.19      0.22      0.20       135
         2.0       0.58      0.56      0.57       534

    accuracy                           0.46      1015
   macro avg       0.39      0.39      0.39      1015
weighted avg       0.46      0.46      0.46      1015

Fold 3
Evaluation on test set, 
 Accuracy: 0.4512, Recall: 0.3753, Precision: 0.3778, F1 Score: 0.3762
Confusion Matrix: 
 [[0.42458101 0.17039106 0.40502793]
 [0.33802817 0.14788732 0.51408451]
 [0.27961165 0.16699029 0.55339806]]
Classification Report: 
               precision    recall  f1-score   support

         0.0       0.44      0.42      0.43       358
         1.0       0.12      0.15      0.14       142
         2.0       0.57      0.55      0.56       515

    accuracy                           0.45      1015
   macro avg       0.38      0.38      0.38      1015
weighted avg       0.46      0.45      0.46      1015

Fold 4
Evaluation on test set, 
 Accuracy: 0.4532, Recall: 0.3873, Precision: 0.3882, F1 Score: 0.3876
Confusion Matrix: 
 [[0.4084507  0.13802817 0.45352113]
 [0.30519481 0.18831169 0.50649351]
 [0.28458498 0.15019763 0.56521739]]
Classification Report: 
               precision    recall  f1-score   support

         0.0       0.43      0.41      0.42       355
         1.0       0.19      0.19      0.19       154
         2.0       0.54      0.57      0.55       506

    accuracy                           0.45      1015
   macro avg       0.39      0.39      0.39      1015
weighted avg       0.45      0.45      0.45      1015

Fold 5
Evaluation on test set, 
 Accuracy: 0.4640, Recall: 0.3849, Precision: 0.3849, F1 Score: 0.3849
Confusion Matrix: 
 [[0.43333333 0.13333333 0.43333333]
 [0.42758621 0.14482759 0.42758621]
 [0.2745098  0.14901961 0.57647059]]
Classification Report: 
               precision    recall  f1-score   support

         0.0       0.44      0.43      0.43       360
         1.0       0.14      0.14      0.14       145
         2.0       0.57      0.58      0.58       510

    accuracy                           0.46      1015
   macro avg       0.38      0.38      0.38      1015
weighted avg       0.46      0.46      0.46      1015

Fold 6
Evaluation on test set, 
 Accuracy: 0.4325, Recall: 0.3587, Precision: 0.3593, F1 Score: 0.3588
Confusion Matrix: 
 [[0.37650602 0.1626506  0.46084337]
 [0.27777778 0.15972222 0.5625    ]
 [0.2987013  0.16141002 0.53988868]]
Classification Report: 
               precision    recall  f1-score   support

         0.0       0.38      0.38      0.38       332
         1.0       0.14      0.16      0.15       144
         2.0       0.55      0.54      0.55       539

    accuracy                           0.43      1015
   macro avg       0.36      0.36      0.36      1015
weighted avg       0.44      0.43      0.44      1015

Fold 7
Evaluation on test set, 
 Accuracy: 0.4384, Recall: 0.3631, Precision: 0.3626, F1 Score: 0.3627
Confusion Matrix: 
 [[0.38888889 0.15740741 0.4537037 ]
 [0.33116883 0.14935065 0.51948052]
 [0.30912477 0.1396648  0.55121043]]
Classification Report: 
               precision    recall  f1-score   support

         0.0       0.37      0.39      0.38       324
         1.0       0.15      0.15      0.15       154
         2.0       0.57      0.55      0.56       537

    accuracy                           0.44      1015
   macro avg       0.36      0.36      0.36      1015
weighted avg       0.44      0.44      0.44      1015

Fold 8
Evaluation on test set, 
 Accuracy: 0.4532, Recall: 0.3696, Precision: 0.3716, F1 Score: 0.3688
Confusion Matrix: 
 [[0.41620112 0.1396648  0.44413408]
 [0.27522936 0.1559633  0.56880734]
 [0.29562044 0.16788321 0.53649635]]
Classification Report: 
               precision    recall  f1-score   support

         0.0       0.44      0.42      0.43       358
         1.0       0.11      0.16      0.13       109
         2.0       0.57      0.54      0.55       548

    accuracy                           0.45      1015
   macro avg       0.37      0.37      0.37      1015
weighted avg       0.47      0.45      0.46      1015

Fold 9
Evaluation on test set, 
 Accuracy: 0.4768, Recall: 0.3959, Precision: 0.3907, F1 Score: 0.3920
Confusion Matrix: 
 [[0.38888889 0.11111111 0.5       ]
 [0.33333333 0.225      0.44166667]
 [0.27164686 0.15449915 0.57385399]]
Classification Report: 
               precision    recall  f1-score   support

         0.0       0.37      0.39      0.38       306
         1.0       0.18      0.23      0.20       120
         2.0       0.62      0.57      0.60       589

    accuracy                           0.48      1015
   macro avg       0.39      0.40      0.39      1015
weighted avg       0.49      0.48      0.48      1015

Average metrics:
 Accuracy: 0.4555, Precision: 0.3789, Recall: 0.3790, F1: 0.3785
  model    pca standard tune  accuracy  precision    recall        f1
0    dt  False    False  NaN  0.455468   0.378915  0.379039  0.378508
Model: dt, PCA: False, Standard: True, SMOTE: False, Tune: None, Param_load: False
Dataset size: 10150
Features name : ['diravg', 'humidrel', 'ocurcause', 'ocurdo', 'rainamount', 'raindays', 'tempavg', 'windavg', 'within_30km', 'within_30km_fact', 'height']
Target name : ['scale_damage']
------------------------------------------------------------
DecisionTreeClassifier(random_state=64)
------------------------------------------------------------
Fold 0
Evaluation on test set, 
 Accuracy: 0.4611, Recall: 0.3875, Precision: 0.3887, F1 Score: 0.3880
Confusion Matrix: 
 [[0.38787879 0.13333333 0.47878788]
 [0.31333333 0.19333333 0.49333333]
 [0.29719626 0.12149533 0.58130841]]
Classification Report: 
               precision    recall  f1-score   support

         0.0       0.38      0.39      0.39       330
         1.0       0.21      0.19      0.20       150
         2.0       0.57      0.58      0.58       535

    accuracy                           0.46      1015
   macro avg       0.39      0.39      0.39      1015
weighted avg       0.46      0.46      0.46      1015

Fold 1
Evaluation on test set, 
 Accuracy: 0.4680, Recall: 0.3783, Precision: 0.3784, F1 Score: 0.3783
Confusion Matrix: 
 [[0.38244514 0.1661442  0.45141066]
 [0.34285714 0.15714286 0.5       ]
 [0.26978417 0.13489209 0.59532374]]
Classification Report: 
               precision    recall  f1-score   support

         0.0       0.38      0.38      0.38       319
         1.0       0.15      0.16      0.15       140
         2.0       0.61      0.60      0.60       556

    accuracy                           0.47      1015
   macro avg       0.38      0.38      0.38      1015
weighted avg       0.47      0.47      0.47      1015

Fold 2
Evaluation on test set, 
 Accuracy: 0.4562, Recall: 0.3898, Precision: 0.3874, F1 Score: 0.3881
Confusion Matrix: 
 [[0.38728324 0.1416185  0.47109827]
 [0.37777778 0.22222222 0.4       ]
 [0.29213483 0.14794007 0.55992509]]
Classification Report: 
               precision    recall  f1-score   support

         0.0       0.39      0.39      0.39       346
         1.0       0.19      0.22      0.20       135
         2.0       0.58      0.56      0.57       534

    accuracy                           0.46      1015
   macro avg       0.39      0.39      0.39      1015
weighted avg       0.46      0.46      0.46      1015

Fold 3
Evaluation on test set, 
 Accuracy: 0.4522, Recall: 0.3762, Precision: 0.3784, F1 Score: 0.3770
Confusion Matrix: 
 [[0.4273743  0.16759777 0.40502793]
 [0.33802817 0.14788732 0.51408451]
 [0.2815534  0.16504854 0.55339806]]
Classification Report: 
               precision    recall  f1-score   support

         0.0       0.44      0.43      0.43       358
         1.0       0.13      0.15      0.14       142
         2.0       0.57      0.55      0.56       515

    accuracy                           0.45      1015
   macro avg       0.38      0.38      0.38      1015
weighted avg       0.46      0.45      0.46      1015

Fold 4
Evaluation on test set, 
 Accuracy: 0.4552, Recall: 0.3917, Precision: 0.3926, F1 Score: 0.3919
Confusion Matrix: 
 [[0.4084507  0.13802817 0.45352113]
 [0.28571429 0.2012987  0.51298701]
 [0.28458498 0.15019763 0.56521739]]
Classification Report: 
               precision    recall  f1-score   support

         0.0       0.44      0.41      0.42       355
         1.0       0.20      0.20      0.20       154
         2.0       0.54      0.57      0.55       506

    accuracy                           0.46      1015
   macro avg       0.39      0.39      0.39      1015
weighted avg       0.45      0.46      0.45      1015

Fold 5
Evaluation on test set, 
 Accuracy: 0.4650, Recall: 0.3855, Precision: 0.3855, F1 Score: 0.3855
Confusion Matrix: 
 [[0.43333333 0.13333333 0.43333333]
 [0.43448276 0.14482759 0.42068966]
 [0.27647059 0.14509804 0.57843137]]
Classification Report: 
               precision    recall  f1-score   support

         0.0       0.43      0.43      0.43       360
         1.0       0.15      0.14      0.15       145
         2.0       0.58      0.58      0.58       510

    accuracy                           0.47      1015
   macro avg       0.39      0.39      0.39      1015
weighted avg       0.46      0.47      0.46      1015

Fold 6
Evaluation on test set, 
 Accuracy: 0.4345, Recall: 0.3620, Precision: 0.3624, F1 Score: 0.3619
Confusion Matrix: 
 [[0.37951807 0.1626506  0.45783133]
 [0.27777778 0.16666667 0.55555556]
 [0.2987013  0.16141002 0.53988868]]
Classification Report: 
               precision    recall  f1-score   support

         0.0       0.39      0.38      0.38       332
         1.0       0.15      0.17      0.16       144
         2.0       0.56      0.54      0.55       539

    accuracy                           0.43      1015
   macro avg       0.36      0.36      0.36      1015
weighted avg       0.44      0.43      0.44      1015

Fold 7
Evaluation on test set, 
 Accuracy: 0.4414, Recall: 0.3658, Precision: 0.3651, F1 Score: 0.3653
Confusion Matrix: 
 [[0.39506173 0.14814815 0.45679012]
 [0.33116883 0.14935065 0.51948052]
 [0.30726257 0.1396648  0.55307263]]
Classification Report: 
               precision    recall  f1-score   support

         0.0       0.37      0.40      0.38       324
         1.0       0.16      0.15      0.15       154
         2.0       0.57      0.55      0.56       537

    accuracy                           0.44      1015
   macro avg       0.37      0.37      0.37      1015
weighted avg       0.44      0.44      0.44      1015

Fold 8
Evaluation on test set, 
 Accuracy: 0.4532, Recall: 0.3696, Precision: 0.3722, F1 Score: 0.3689
Confusion Matrix: 
 [[0.41620112 0.1424581  0.44134078]
 [0.27522936 0.1559633  0.56880734]
 [0.2919708  0.17153285 0.53649635]]
Classification Report: 
               precision    recall  f1-score   support

         0.0       0.44      0.42      0.43       358
         1.0       0.10      0.16      0.13       109
         2.0       0.57      0.54      0.55       548

    accuracy                           0.45      1015
   macro avg       0.37      0.37      0.37      1015
weighted avg       0.48      0.45      0.46      1015

Fold 9
Evaluation on test set, 
 Accuracy: 0.4749, Recall: 0.3943, Precision: 0.3890, F1 Score: 0.3903
Confusion Matrix: 
 [[0.38562092 0.11111111 0.50326797]
 [0.33333333 0.225      0.44166667]
 [0.27164686 0.15619694 0.5721562 ]]
Classification Report: 
               precision    recall  f1-score   support

         0.0       0.37      0.39      0.38       306
         1.0       0.18      0.23      0.20       120
         2.0       0.62      0.57      0.59       589

    accuracy                           0.47      1015
   macro avg       0.39      0.39      0.39      1015
weighted avg       0.49      0.47      0.48      1015

Average metrics:
 Accuracy: 0.4562, Precision: 0.3800, Recall: 0.3801, F1: 0.3795
  model    pca standard tune  accuracy  precision    recall        f1
0    dt  False    False  NaN  0.455468   0.378915  0.379039  0.378508
0    dt  False     True  NaN  0.456158   0.379974  0.380069  0.379519
Model: dt, PCA: True, Standard: True, SMOTE: False, Tune: None, Param_load: False
Dataset size: 10150
Features name : ['diravg', 'humidrel', 'ocurcause', 'ocurdo', 'rainamount', 'raindays', 'tempavg', 'windavg', 'within_30km', 'within_30km_fact', 'height']
Target name : ['scale_damage']
------------------------------------------------------------
DecisionTreeClassifier(random_state=64)
------------------------------------------------------------
Fold 0
<< PCA: 11 -> 10 >>
Evaluation on test set, 
 Accuracy: 0.4256, Recall: 0.3587, Precision: 0.3590, F1 Score: 0.3586
Confusion Matrix: 
 [[0.37575758 0.12424242 0.5       ]
 [0.35333333 0.17333333 0.47333333]
 [0.33457944 0.13831776 0.5271028 ]]
Classification Report: 
               precision    recall  f1-score   support

         0.0       0.35      0.38      0.36       330
         1.0       0.18      0.17      0.18       150
         2.0       0.54      0.53      0.54       535

    accuracy                           0.43      1015
   macro avg       0.36      0.36      0.36      1015
weighted avg       0.43      0.43      0.43      1015

Fold 1
<< PCA: 11 -> 10 >>
Evaluation on test set, 
 Accuracy: 0.4621, Recall: 0.3836, Precision: 0.3828, F1 Score: 0.3827
Confusion Matrix: 
 [[0.39498433 0.18181818 0.42319749]
 [0.32142857 0.18571429 0.49285714]
 [0.28956835 0.14028777 0.57014388]]
Classification Report: 
               precision    recall  f1-score   support

         0.0       0.38      0.39      0.39       319
         1.0       0.16      0.19      0.17       140
         2.0       0.61      0.57      0.59       556

    accuracy                           0.46      1015
   macro avg       0.38      0.38      0.38      1015
weighted avg       0.47      0.46      0.47      1015

Fold 2
<< PCA: 11 -> 10 >>
Evaluation on test set, 
 Accuracy: 0.4463, Recall: 0.3653, Precision: 0.3675, F1 Score: 0.3660
Confusion Matrix: 
 [[0.40462428 0.14450867 0.45086705]
 [0.34074074 0.14074074 0.51851852]
 [0.27715356 0.17228464 0.5505618 ]]
Classification Report: 
               precision    recall  f1-score   support

         0.0       0.42      0.40      0.41       346
         1.0       0.12      0.14      0.13       135
         2.0       0.57      0.55      0.56       534

    accuracy                           0.45      1015
   macro avg       0.37      0.37      0.37      1015
weighted avg       0.46      0.45      0.45      1015

Fold 3
<< PCA: 11 -> 10 >>
Evaluation on test set, 
 Accuracy: 0.4384, Recall: 0.3527, Precision: 0.3522, F1 Score: 0.3524
Confusion Matrix: 
 [[0.40223464 0.12011173 0.47765363]
 [0.3943662  0.09859155 0.50704225]
 [0.29126214 0.15145631 0.55728155]]
Classification Report: 
               precision    recall  f1-score   support

         0.0       0.41      0.40      0.41       358
         1.0       0.10      0.10      0.10       142
         2.0       0.54      0.56      0.55       515

    accuracy                           0.44      1015
   macro avg       0.35      0.35      0.35      1015
weighted avg       0.43      0.44      0.44      1015

Fold 4
<< PCA: 11 -> 10 >>
Evaluation on test set, 
 Accuracy: 0.4453, Recall: 0.3797, Precision: 0.3810, F1 Score: 0.3801
Confusion Matrix: 
 [[0.4        0.12112676 0.47887324]
 [0.30519481 0.18181818 0.51298701]
 [0.28458498 0.15810277 0.55731225]]
Classification Report: 
               precision    recall  f1-score   support

         0.0       0.43      0.40      0.41       355
         1.0       0.19      0.18      0.18       154
         2.0       0.53      0.56      0.54       506

    accuracy                           0.45      1015
   macro avg       0.38      0.38      0.38      1015
weighted avg       0.44      0.45      0.44      1015

Fold 5
<< PCA: 11 -> 10 >>
Evaluation on test set, 
 Accuracy: 0.4473, Recall: 0.3645, Precision: 0.3663, F1 Score: 0.3649
Confusion Matrix: 
 [[0.38888889 0.15       0.46111111]
 [0.35172414 0.12413793 0.52413793]
 [0.26470588 0.15490196 0.58039216]]
Classification Report: 
               precision    recall  f1-score   support

         0.0       0.43      0.39      0.41       360
         1.0       0.12      0.12      0.12       145
         2.0       0.55      0.58      0.56       510

    accuracy                           0.45      1015
   macro avg       0.37      0.36      0.36      1015
weighted avg       0.45      0.45      0.45      1015

Fold 6
<< PCA: 11 -> 10 >>
Evaluation on test set, 
 Accuracy: 0.4325, Recall: 0.3653, Precision: 0.3645, F1 Score: 0.3648
Confusion Matrix: 
 [[0.36144578 0.12349398 0.51506024]
 [0.36805556 0.19444444 0.4375    ]
 [0.30426716 0.15584416 0.53988868]]
Classification Report: 
               precision    recall  f1-score   support

         0.0       0.36      0.36      0.36       332
         1.0       0.18      0.19      0.19       144
         2.0       0.55      0.54      0.55       539

    accuracy                           0.43      1015
   macro avg       0.36      0.37      0.36      1015
weighted avg       0.44      0.43      0.43      1015

Fold 7
<< PCA: 11 -> 10 >>
Evaluation on test set, 
 Accuracy: 0.4246, Recall: 0.3427, Precision: 0.3424, F1 Score: 0.3425
Confusion Matrix: 
 [[0.35802469 0.16358025 0.47839506]
 [0.35714286 0.11688312 0.52597403]
 [0.29608939 0.15083799 0.55307263]]
Classification Report: 
               precision    recall  f1-score   support

         0.0       0.35      0.36      0.35       324
         1.0       0.12      0.12      0.12       154
         2.0       0.56      0.55      0.56       537

    accuracy                           0.42      1015
   macro avg       0.34      0.34      0.34      1015
weighted avg       0.42      0.42      0.42      1015

Fold 8
<< PCA: 11 -> 10 >>
Evaluation on test set, 
 Accuracy: 0.4778, Recall: 0.3888, Precision: 0.3899, F1 Score: 0.3876
Confusion Matrix: 
 [[0.4301676  0.15921788 0.41061453]
 [0.40366972 0.16513761 0.43119266]
 [0.28284672 0.1459854  0.57116788]]
Classification Report: 
               precision    recall  f1-score   support

         0.0       0.44      0.43      0.43       358
         1.0       0.12      0.17      0.14       109
         2.0       0.62      0.57      0.59       548

    accuracy                           0.48      1015
   macro avg       0.39      0.39      0.39      1015
weighted avg       0.50      0.48      0.49      1015

Fold 9
<< PCA: 11 -> 10 >>
Evaluation on test set, 
 Accuracy: 0.4542, Recall: 0.3670, Precision: 0.3646, F1 Score: 0.3650
Confusion Matrix: 
 [[0.37254902 0.12745098 0.5       ]
 [0.3        0.175      0.525     ]
 [0.31409168 0.13242784 0.55348048]]
Classification Report: 
               precision    recall  f1-score   support

         0.0       0.34      0.37      0.36       306
         1.0       0.15      0.17      0.16       120
         2.0       0.60      0.55      0.58       589

    accuracy                           0.45      1015
   macro avg       0.36      0.37      0.36      1015
weighted avg       0.47      0.45      0.46      1015

Average metrics:
 Accuracy: 0.4454, Precision: 0.3670, Recall: 0.3668, F1: 0.3665
  model    pca standard tune  accuracy  precision    recall        f1
0    dt  False    False  NaN  0.455468   0.378915  0.379039  0.378508
0    dt  False     True  NaN  0.456158   0.379974  0.380069  0.379519
0    dt   True     True  NaN  0.445419   0.367026  0.366829  0.366453
Model: knn, PCA: False, Standard: False, SMOTE: False, Tune: None, Param_load: False
Dataset size: 10150
Features name : ['diravg', 'humidrel', 'ocurcause', 'ocurdo', 'rainamount', 'raindays', 'tempavg', 'windavg', 'within_30km', 'within_30km_fact', 'height']
Target name : ['scale_damage']
------------------------------------------------------------
KNeighborsClassifier()
------------------------------------------------------------
Fold 0
Evaluation on test set, 
 Accuracy: 0.4660, Recall: 0.3712, Precision: 0.3703, F1 Score: 0.3664
Confusion Matrix: 
 [[0.43636364 0.05454545 0.50909091]
 [0.36666667 0.08666667 0.54666667]
 [0.31775701 0.09158879 0.59065421]]
Classification Report: 
               precision    recall  f1-score   support

         0.0       0.39      0.44      0.41       330
         1.0       0.16      0.09      0.11       150
         2.0       0.56      0.59      0.57       535

    accuracy                           0.47      1015
   macro avg       0.37      0.37      0.37      1015
weighted avg       0.45      0.47      0.45      1015

Fold 1
Evaluation on test set, 
 Accuracy: 0.4729, Recall: 0.3644, Precision: 0.3510, F1 Score: 0.3536
Confusion Matrix: 
 [[0.46394984 0.06583072 0.47021944]
 [0.35       0.04285714 0.60714286]
 [0.34172662 0.07194245 0.58633094]]
Classification Report: 
               precision    recall  f1-score   support

         0.0       0.38      0.46      0.42       319
         1.0       0.09      0.04      0.06       140
         2.0       0.58      0.59      0.58       556

    accuracy                           0.47      1015
   macro avg       0.35      0.36      0.35      1015
weighted avg       0.45      0.47      0.46      1015

Fold 2
Evaluation on test set, 
 Accuracy: 0.4690, Recall: 0.3700, Precision: 0.3699, F1 Score: 0.3660
Confusion Matrix: 
 [[0.44797688 0.05491329 0.49710983]
 [0.39259259 0.08148148 0.52592593]
 [0.33895131 0.08052434 0.58052434]]
Classification Report: 
               precision    recall  f1-score   support

         0.0       0.40      0.45      0.42       346
         1.0       0.15      0.08      0.11       135
         2.0       0.56      0.58      0.57       534

    accuracy                           0.47      1015
   macro avg       0.37      0.37      0.37      1015
weighted avg       0.45      0.47      0.46      1015

Fold 3
Evaluation on test set, 
 Accuracy: 0.4916, Recall: 0.3817, Precision: 0.3709, F1 Score: 0.3741
Confusion Matrix: 
 [[0.46089385 0.10614525 0.43296089]
 [0.35211268 0.04929577 0.59859155]
 [0.29514563 0.06990291 0.63495146]]
Classification Report: 
               precision    recall  f1-score   support

         0.0       0.45      0.46      0.46       358
         1.0       0.09      0.05      0.06       142
         2.0       0.58      0.63      0.60       515

    accuracy                           0.49      1015
   macro avg       0.37      0.38      0.37      1015
weighted avg       0.46      0.49      0.48      1015

Fold 4
Evaluation on test set, 
 Accuracy: 0.4660, Recall: 0.3734, Precision: 0.3688, F1 Score: 0.3653
Confusion Matrix: 
 [[0.47042254 0.06760563 0.46197183]
 [0.27272727 0.06493506 0.66233766]
 [0.3458498  0.06916996 0.58498024]]
Classification Report: 
               precision    recall  f1-score   support

         0.0       0.43      0.47      0.45       355
         1.0       0.14      0.06      0.09       154
         2.0       0.53      0.58      0.55       506

    accuracy                           0.47      1015
   macro avg       0.37      0.37      0.37      1015
weighted avg       0.44      0.47      0.45      1015

Fold 5
Evaluation on test set, 
 Accuracy: 0.4887, Recall: 0.3886, Precision: 0.3924, F1 Score: 0.3835
Confusion Matrix: 
 [[0.45555556 0.04444444 0.5       ]
 [0.3862069  0.08275862 0.53103448]
 [0.29803922 0.0745098  0.62745098]]
Classification Report: 
               precision    recall  f1-score   support

         0.0       0.44      0.46      0.45       360
         1.0       0.18      0.08      0.11       145
         2.0       0.55      0.63      0.59       510

    accuracy                           0.49      1015
   macro avg       0.39      0.39      0.38      1015
weighted avg       0.46      0.49      0.47      1015

Fold 6
Evaluation on test set, 
 Accuracy: 0.4857, Recall: 0.3775, Precision: 0.3678, F1 Score: 0.3692
Confusion Matrix: 
 [[0.46084337 0.0753012  0.46385542]
 [0.34027778 0.05555556 0.60416667]
 [0.30797774 0.07606679 0.61595547]]
Classification Report: 
               precision    recall  f1-score   support

         0.0       0.42      0.46      0.44       332
         1.0       0.11      0.06      0.07       144
         2.0       0.58      0.62      0.60       539

    accuracy                           0.49      1015
   macro avg       0.37      0.38      0.37      1015
weighted avg       0.46      0.49      0.47      1015

Fold 7
Evaluation on test set, 
 Accuracy: 0.4611, Recall: 0.3702, Precision: 0.3642, F1 Score: 0.3629
Confusion Matrix: 
 [[0.46296296 0.07716049 0.45987654]
 [0.42207792 0.07792208 0.5       ]
 [0.33891993 0.09124767 0.5698324 ]]
Classification Report: 
               precision    recall  f1-score   support

         0.0       0.38      0.46      0.42       324
         1.0       0.14      0.08      0.10       154
         2.0       0.58      0.57      0.57       537

    accuracy                           0.46      1015
   macro avg       0.36      0.37      0.36      1015
weighted avg       0.45      0.46      0.45      1015

Fold 8
Evaluation on test set, 
 Accuracy: 0.5025, Recall: 0.3792, Precision: 0.3745, F1 Score: 0.3764
Confusion Matrix: 
 [[0.46927374 0.08379888 0.44692737]
 [0.41284404 0.05504587 0.53211009]
 [0.29927007 0.08759124 0.61313869]]
Classification Report: 
               precision    recall  f1-score   support

         0.0       0.45      0.47      0.46       358
         1.0       0.07      0.06      0.06       109
         2.0       0.61      0.61      0.61       548

    accuracy                           0.50      1015
   macro avg       0.37      0.38      0.38      1015
weighted avg       0.49      0.50      0.50      1015

Fold 9
Evaluation on test set, 
 Accuracy: 0.4946, Recall: 0.3741, Precision: 0.3705, F1 Score: 0.3695
Confusion Matrix: 
 [[0.4379085  0.07189542 0.49019608]
 [0.375      0.075      0.55      ]
 [0.31578947 0.07470289 0.60950764]]
Classification Report: 
               precision    recall  f1-score   support

         0.0       0.37      0.44      0.40       306
         1.0       0.12      0.07      0.09       120
         2.0       0.62      0.61      0.62       589

    accuracy                           0.49      1015
   macro avg       0.37      0.37      0.37      1015
weighted avg       0.49      0.49      0.49      1015

Average metrics:
 Accuracy: 0.4798, Precision: 0.3700, Recall: 0.3750, F1: 0.3687
  model    pca standard tune  accuracy  precision    recall        f1
0    dt  False    False  NaN  0.455468   0.378915  0.379039  0.378508
0    dt  False     True  NaN  0.456158   0.379974  0.380069  0.379519
0    dt   True     True  NaN  0.445419   0.367026  0.366829  0.366453
0   knn  False    False  NaN  0.479803   0.370041  0.375033  0.368694
Model: knn, PCA: False, Standard: True, SMOTE: False, Tune: None, Param_load: False
Dataset size: 10150
Features name : ['diravg', 'humidrel', 'ocurcause', 'ocurdo', 'rainamount', 'raindays', 'tempavg', 'windavg', 'within_30km', 'within_30km_fact', 'height']
Target name : ['scale_damage']
------------------------------------------------------------
KNeighborsClassifier()
------------------------------------------------------------
Fold 0
Evaluation on test set, 
 Accuracy: 0.4867, Recall: 0.3855, Precision: 0.3862, F1 Score: 0.3812
Confusion Matrix: 
 [[0.43333333 0.06969697 0.4969697 ]
 [0.38666667 0.09333333 0.52      ]
 [0.28971963 0.08037383 0.62990654]]
Classification Report: 
               precision    recall  f1-score   support

         0.0       0.40      0.43      0.42       330
         1.0       0.17      0.09      0.12       150
         2.0       0.58      0.63      0.61       535

    accuracy                           0.49      1015
   macro avg       0.39      0.39      0.38      1015
weighted avg       0.46      0.49      0.47      1015

Fold 1
Evaluation on test set, 
 Accuracy: 0.4946, Recall: 0.3891, Precision: 0.3863, F1 Score: 0.3821
Confusion Matrix: 
 [[0.48275862 0.05642633 0.46081505]
 [0.37142857 0.07857143 0.55      ]
 [0.32014388 0.07374101 0.60611511]]
Classification Report: 
               precision    recall  f1-score   support

         0.0       0.40      0.48      0.44       319
         1.0       0.16      0.08      0.10       140
         2.0       0.60      0.61      0.60       556

    accuracy                           0.49      1015
   macro avg       0.39      0.39      0.38      1015
weighted avg       0.48      0.49      0.48      1015

Fold 2
Evaluation on test set, 
 Accuracy: 0.4975, Recall: 0.3985, Precision: 0.4010, F1 Score: 0.3966
Confusion Matrix: 
 [[0.47398844 0.06358382 0.46242775]
 [0.39259259 0.11111111 0.4962963 ]
 [0.30337079 0.08614232 0.61048689]]
Classification Report: 
               precision    recall  f1-score   support

         0.0       0.43      0.47      0.45       346
         1.0       0.18      0.11      0.14       135
         2.0       0.59      0.61      0.60       534

    accuracy                           0.50      1015
   macro avg       0.40      0.40      0.40      1015
weighted avg       0.48      0.50      0.49      1015

Fold 3
Evaluation on test set, 
 Accuracy: 0.4828, Recall: 0.3767, Precision: 0.3633, F1 Score: 0.3666
Confusion Matrix: 
 [[0.48603352 0.06424581 0.44972067]
 [0.44366197 0.04225352 0.51408451]
 [0.3223301  0.07572816 0.60194175]]
Classification Report: 
               precision    recall  f1-score   support

         0.0       0.43      0.49      0.46       358
         1.0       0.09      0.04      0.06       142
         2.0       0.57      0.60      0.59       515

    accuracy                           0.48      1015
   macro avg       0.36      0.38      0.37      1015
weighted avg       0.45      0.48      0.47      1015

Fold 4
Evaluation on test set, 
 Accuracy: 0.4749, Recall: 0.3794, Precision: 0.3746, F1 Score: 0.3711
Confusion Matrix: 
 [[0.47042254 0.06478873 0.46478873]
 [0.2987013  0.06493506 0.63636364]
 [0.32608696 0.07114625 0.6027668 ]]
Classification Report: 
               precision    recall  f1-score   support

         0.0       0.44      0.47      0.46       355
         1.0       0.14      0.06      0.09       154
         2.0       0.54      0.60      0.57       506

    accuracy                           0.47      1015
   macro avg       0.37      0.38      0.37      1015
weighted avg       0.44      0.47      0.46      1015

Fold 5
Evaluation on test set, 
 Accuracy: 0.5143, Recall: 0.3993, Precision: 0.3916, F1 Score: 0.3880
Confusion Matrix: 
 [[0.475      0.05555556 0.46944444]
 [0.39310345 0.04827586 0.55862069]
 [0.27254902 0.05294118 0.6745098 ]]
Classification Report: 
               precision    recall  f1-score   support

         0.0       0.47      0.47      0.47       360
         1.0       0.13      0.05      0.07       145
         2.0       0.58      0.67      0.62       510

    accuracy                           0.51      1015
   macro avg       0.39      0.40      0.39      1015
weighted avg       0.47      0.51      0.49      1015

Fold 6
Evaluation on test set, 
 Accuracy: 0.5113, Recall: 0.3926, Precision: 0.3817, F1 Score: 0.3825
Confusion Matrix: 
 [[0.46686747 0.05722892 0.47590361]
 [0.38888889 0.04861111 0.5625    ]
 [0.26716141 0.07050093 0.66233766]]
Classification Report: 
               precision    recall  f1-score   support

         0.0       0.44      0.47      0.45       332
         1.0       0.11      0.05      0.07       144
         2.0       0.60      0.66      0.63       539

    accuracy                           0.51      1015
   macro avg       0.38      0.39      0.38      1015
weighted avg       0.48      0.51      0.49      1015

Fold 7
Evaluation on test set, 
 Accuracy: 0.4877, Recall: 0.3845, Precision: 0.3838, F1 Score: 0.3786
Confusion Matrix: 
 [[0.43209877 0.06481481 0.50308642]
 [0.38311688 0.08441558 0.53246753]
 [0.2849162  0.07821229 0.63687151]]
Classification Report: 
               precision    recall  f1-score   support

         0.0       0.40      0.43      0.41       324
         1.0       0.17      0.08      0.11       154
         2.0       0.58      0.64      0.61       537

    accuracy                           0.49      1015
   macro avg       0.38      0.38      0.38      1015
weighted avg       0.46      0.49      0.47      1015

Fold 8
Evaluation on test set, 
 Accuracy: 0.5271, Recall: 0.3924, Precision: 0.3830, F1 Score: 0.3862
Confusion Matrix: 
 [[0.49441341 0.05865922 0.44692737]
 [0.37614679 0.03669725 0.58715596]
 [0.28649635 0.06751825 0.6459854 ]]
Classification Report: 
               precision    recall  f1-score   support

         0.0       0.47      0.49      0.48       358
         1.0       0.06      0.04      0.05       109
         2.0       0.61      0.65      0.63       548

    accuracy                           0.53      1015
   macro avg       0.38      0.39      0.39      1015
weighted avg       0.50      0.53      0.51      1015

Fold 9
Evaluation on test set, 
 Accuracy: 0.5340, Recall: 0.4023, Precision: 0.3966, F1 Score: 0.3931
Confusion Matrix: 
 [[0.5        0.0620915  0.4379085 ]
 [0.40833333 0.05833333 0.53333333]
 [0.30390492 0.0475382  0.64855688]]
Classification Report: 
               precision    recall  f1-score   support

         0.0       0.40      0.50      0.45       306
         1.0       0.13      0.06      0.08       120
         2.0       0.66      0.65      0.65       589

    accuracy                           0.53      1015
   macro avg       0.40      0.40      0.39      1015
weighted avg       0.52      0.53      0.52      1015

Average metrics:
 Accuracy: 0.5011, Precision: 0.3848, Recall: 0.3900, F1: 0.3826
  model    pca standard tune  accuracy  precision    recall        f1
0    dt  False    False  NaN  0.455468   0.378915  0.379039  0.378508
0    dt  False     True  NaN  0.456158   0.379974  0.380069  0.379519
0    dt   True     True  NaN  0.445419   0.367026  0.366829  0.366453
0   knn  False    False  NaN  0.479803   0.370041  0.375033  0.368694
0   knn  False     True  NaN  0.501084   0.384800  0.390031  0.382611
Model: knn, PCA: True, Standard: True, SMOTE: False, Tune: None, Param_load: False
Dataset size: 10150
Features name : ['diravg', 'humidrel', 'ocurcause', 'ocurdo', 'rainamount', 'raindays', 'tempavg', 'windavg', 'within_30km', 'within_30km_fact', 'height']
Target name : ['scale_damage']
------------------------------------------------------------
KNeighborsClassifier()
------------------------------------------------------------
Fold 0
<< PCA: 11 -> 10 >>
Evaluation on test set, 
 Accuracy: 0.4887, Recall: 0.3868, Precision: 0.3896, F1 Score: 0.3824
Confusion Matrix: 
 [[0.43333333 0.06969697 0.4969697 ]
 [0.36666667 0.09333333 0.54      ]
 [0.2953271  0.07102804 0.63364486]]
Classification Report: 
               precision    recall  f1-score   support

         0.0       0.40      0.43      0.42       330
         1.0       0.19      0.09      0.12       150
         2.0       0.58      0.63      0.61       535

    accuracy                           0.49      1015
   macro avg       0.39      0.39      0.38      1015
weighted avg       0.46      0.49      0.47      1015

Fold 1
<< PCA: 11 -> 10 >>
Evaluation on test set, 
 Accuracy: 0.4926, Recall: 0.3915, Precision: 0.3943, F1 Score: 0.3871
Confusion Matrix: 
 [[0.47021944 0.06269592 0.46708464]
 [0.38571429 0.1        0.51428571]
 [0.32374101 0.07194245 0.60431655]]
Classification Report: 
               precision    recall  f1-score   support

         0.0       0.39      0.47      0.43       319
         1.0       0.19      0.10      0.13       140
         2.0       0.60      0.60      0.60       556

    accuracy                           0.49      1015
   macro avg       0.39      0.39      0.39      1015
weighted avg       0.48      0.49      0.48      1015

Fold 2
<< PCA: 11 -> 10 >>
Evaluation on test set, 
 Accuracy: 0.4966, Recall: 0.3957, Precision: 0.3982, F1 Score: 0.3934
Confusion Matrix: 
 [[0.47109827 0.06936416 0.45953757]
 [0.34814815 0.1037037  0.54814815]
 [0.31086142 0.07677903 0.61235955]]
Classification Report: 
               precision    recall  f1-score   support

         0.0       0.43      0.47      0.45       346
         1.0       0.18      0.10      0.13       135
         2.0       0.58      0.61      0.60       534

    accuracy                           0.50      1015
   macro avg       0.40      0.40      0.39      1015
weighted avg       0.48      0.50      0.49      1015

Fold 3
<< PCA: 11 -> 10 >>
Evaluation on test set, 
 Accuracy: 0.4759, Recall: 0.3699, Precision: 0.3574, F1 Score: 0.3604
Confusion Matrix: 
 [[0.46368715 0.06424581 0.47206704]
 [0.42957746 0.04225352 0.52816901]
 [0.32038835 0.07572816 0.6038835 ]]
Classification Report: 
               precision    recall  f1-score   support

         0.0       0.42      0.46      0.44       358
         1.0       0.09      0.04      0.06       142
         2.0       0.56      0.60      0.58       515

    accuracy                           0.48      1015
   macro avg       0.36      0.37      0.36      1015
weighted avg       0.45      0.48      0.46      1015

Fold 4
<< PCA: 11 -> 10 >>
Evaluation on test set, 
