OrderedDict([('data_path', './dataset/FireDataset.csv'),
             ('param_path', './models/config'),
             ('seed', 64),
             ('redirector', True),
             ('visual', False),
             ('model', 'bag'),
             ('param_load', False),
             ('voting_list', ['dt', 'knn', 'rf', 'ab', 'gb']),
             ('tune', None),
             ('n_iter', 10),
             ('cv', 5),
             ('pca', False),
             ('n_components', 0.95),
             ('smote', False),
             ('standard', False),
             ('eval', 'kfold_stratified'),
             ('n_split', 10),
             ('num_class', 3)])
------------------------------------------------------------
Model: dt, PCA: False, Standard: False, SMOTE: False, Tune: None, Param_load: False
Dataset size: 10150
Features name : ['diravg', 'humidrel', 'ocurcause', 'ocurdo', 'rainamount', 'raindays', 'tempavg', 'windavg', 'within_30km', 'within_30km_fact', 'height']
Target name : ['scale_damage']
------------------------------------------------------------
DecisionTreeClassifier(random_state=64)
------------------------------------------------------------
Fold 0
Evaluation on test set, 
 Accuracy: 0.4571, Recall: 0.3678, Precision: 0.3679, F1 Score: 0.3678
Confusion Matrix: 
 [[0.36094675 0.16863905 0.4704142 ]
 [0.44285714 0.14285714 0.41428571]
 [0.27746741 0.12290503 0.59962756]]
Classification Report: 
               precision    recall  f1-score   support

         0.0       0.37      0.36      0.36       338
         1.0       0.14      0.14      0.14       140
         2.0       0.60      0.60      0.60       537

    accuracy                           0.46      1015
   macro avg       0.37      0.37      0.37      1015
weighted avg       0.46      0.46      0.46      1015

Fold 1
Evaluation on test set, 
 Accuracy: 0.4581, Recall: 0.3827, Precision: 0.3835, F1 Score: 0.3825
Confusion Matrix: 
 [[0.40532544 0.17751479 0.41715976]
 [0.31428571 0.17857143 0.50714286]
 [0.27746741 0.15828678 0.56424581]]
Classification Report: 
               precision    recall  f1-score   support

         0.0       0.42      0.41      0.41       338
         1.0       0.15      0.18      0.16       140
         2.0       0.59      0.56      0.58       537

    accuracy                           0.46      1015
   macro avg       0.38      0.38      0.38      1015
weighted avg       0.47      0.46      0.46      1015

Fold 2
Evaluation on test set, 
 Accuracy: 0.4483, Recall: 0.3612, Precision: 0.3608, F1 Score: 0.3608
Confusion Matrix: 
 [[0.39528024 0.14749263 0.45722714]
 [0.41007194 0.12230216 0.4676259 ]
 [0.31098696 0.12290503 0.56610801]]
Classification Report: 
               precision    recall  f1-score   support

         0.0       0.37      0.40      0.38       339
         1.0       0.13      0.12      0.12       139
         2.0       0.58      0.57      0.57       537

    accuracy                           0.45      1015
   macro avg       0.36      0.36      0.36      1015
weighted avg       0.45      0.45      0.45      1015

Fold 3
Evaluation on test set, 
 Accuracy: 0.4808, Recall: 0.3918, Precision: 0.3910, F1 Score: 0.3914
Confusion Matrix: 
 [[0.46312684 0.12389381 0.41297935]
 [0.33093525 0.1294964  0.53956835]
 [0.27188082 0.1452514  0.58286778]]
Classification Report: 
               precision    recall  f1-score   support

         0.0       0.45      0.46      0.46       339
         1.0       0.13      0.13      0.13       139
         2.0       0.59      0.58      0.59       537

    accuracy                           0.48      1015
   macro avg       0.39      0.39      0.39      1015
weighted avg       0.48      0.48      0.48      1015

Fold 4
Evaluation on test set, 
 Accuracy: 0.4522, Recall: 0.3648, Precision: 0.3648, F1 Score: 0.3648
Confusion Matrix: 
 [[0.40412979 0.12094395 0.47492625]
 [0.31654676 0.12230216 0.56115108]
 [0.2886406  0.1433892  0.5679702 ]]
Classification Report: 
               precision    recall  f1-score   support

         0.0       0.41      0.40      0.41       339
         1.0       0.13      0.12      0.12       139
         2.0       0.56      0.57      0.56       537

    accuracy                           0.45      1015
   macro avg       0.36      0.36      0.36      1015
weighted avg       0.45      0.45      0.45      1015

Fold 5
Evaluation on test set, 
 Accuracy: 0.4670, Recall: 0.3794, Precision: 0.3807, F1 Score: 0.3798
Confusion Matrix: 
 [[0.38938053 0.16224189 0.44837758]
 [0.35251799 0.15107914 0.49640288]
 [0.25884544 0.1433892  0.59776536]]
Classification Report: 
               precision    recall  f1-score   support

         0.0       0.41      0.39      0.40       339
         1.0       0.14      0.15      0.14       139
         2.0       0.59      0.60      0.59       537

    accuracy                           0.47      1015
   macro avg       0.38      0.38      0.38      1015
weighted avg       0.47      0.47      0.47      1015

Fold 6
Evaluation on test set, 
 Accuracy: 0.4424, Recall: 0.3639, Precision: 0.3648, F1 Score: 0.3641
Confusion Matrix: 
 [[0.38938053 0.16814159 0.44247788]
 [0.31654676 0.15107914 0.5323741 ]
 [0.29608939 0.15270019 0.55121043]]
Classification Report: 
               precision    recall  f1-score   support

         0.0       0.39      0.39      0.39       339
         1.0       0.13      0.15      0.14       139
         2.0       0.57      0.55      0.56       537

    accuracy                           0.44      1015
   macro avg       0.36      0.36      0.36      1015
weighted avg       0.45      0.44      0.45      1015

Fold 7
Evaluation on test set, 
 Accuracy: 0.4562, Recall: 0.3645, Precision: 0.3654, F1 Score: 0.3649
Confusion Matrix: 
 [[0.4100295  0.14749263 0.44247788]
 [0.3381295  0.10791367 0.55395683]
 [0.27560521 0.14897579 0.57541899]]
Classification Report: 
               precision    recall  f1-score   support

         0.0       0.42      0.41      0.41       339
         1.0       0.10      0.11      0.11       139
         2.0       0.58      0.58      0.58       537

    accuracy                           0.46      1015
   macro avg       0.37      0.36      0.36      1015
weighted avg       0.46      0.46      0.46      1015

Fold 8
Evaluation on test set, 
 Accuracy: 0.4749, Recall: 0.3924, Precision: 0.3910, F1 Score: 0.3913
Confusion Matrix: 
 [[0.46902655 0.14454277 0.38643068]
 [0.33093525 0.14388489 0.52517986]
 [0.29981378 0.13594041 0.56424581]]
Classification Report: 
               precision    recall  f1-score   support

         0.0       0.43      0.47      0.45       339
         1.0       0.14      0.14      0.14       139
         2.0       0.60      0.56      0.58       537

    accuracy                           0.47      1015
   macro avg       0.39      0.39      0.39      1015
weighted avg       0.48      0.47      0.48      1015

Fold 9
Evaluation on test set, 
 Accuracy: 0.4680, Recall: 0.3901, Precision: 0.3896, F1 Score: 0.3895
Confusion Matrix: 
 [[0.44247788 0.12979351 0.42772861]
 [0.3        0.16428571 0.53571429]
 [0.32089552 0.11567164 0.56343284]]
Classification Report: 
               precision    recall  f1-score   support

         0.0       0.41      0.44      0.43       339
         1.0       0.18      0.16      0.17       140
         2.0       0.58      0.56      0.57       536

    accuracy                           0.47      1015
   macro avg       0.39      0.39      0.39      1015
weighted avg       0.47      0.47      0.47      1015

Average metrics:
 Accuracy: 0.4605, Precision: 0.3759, Recall: 0.3759, F1: 0.3757
  model    pca standard tune  accuracy  precision    recall        f1
0    dt  False    False  NaN  0.460493   0.375945  0.375859  0.375695
Model: dt, PCA: False, Standard: True, SMOTE: False, Tune: None, Param_load: False
Dataset size: 10150
Features name : ['diravg', 'humidrel', 'ocurcause', 'ocurdo', 'rainamount', 'raindays', 'tempavg', 'windavg', 'within_30km', 'within_30km_fact', 'height']
Target name : ['scale_damage']
------------------------------------------------------------
DecisionTreeClassifier(random_state=64)
------------------------------------------------------------
Fold 0
Evaluation on test set, 
 Accuracy: 0.4562, Recall: 0.3672, Precision: 0.3673, F1 Score: 0.3672
Confusion Matrix: 
 [[0.36094675 0.17159763 0.46745562]
 [0.43571429 0.14285714 0.42142857]
 [0.27932961 0.12290503 0.59776536]]
Classification Report: 
               precision    recall  f1-score   support

         0.0       0.37      0.36      0.36       338
         1.0       0.14      0.14      0.14       140
         2.0       0.60      0.60      0.60       537

    accuracy                           0.46      1015
   macro avg       0.37      0.37      0.37      1015
weighted avg       0.46      0.46      0.46      1015

Fold 1
Evaluation on test set, 
 Accuracy: 0.4581, Recall: 0.3845, Precision: 0.3849, F1 Score: 0.3840
Confusion Matrix: 
 [[0.40532544 0.17455621 0.42011834]
 [0.31428571 0.18571429 0.5       ]
 [0.27746741 0.16014898 0.56238361]]
Classification Report: 
               precision    recall  f1-score   support

         0.0       0.42      0.41      0.41       338
         1.0       0.15      0.19      0.17       140
         2.0       0.59      0.56      0.57       537

    accuracy                           0.46      1015
   macro avg       0.38      0.38      0.38      1015
weighted avg       0.47      0.46      0.46      1015

Fold 2
Evaluation on test set, 
 Accuracy: 0.4473, Recall: 0.3599, Precision: 0.3594, F1 Score: 0.3595
Confusion Matrix: 
 [[0.38938053 0.14454277 0.4660767 ]
 [0.41007194 0.12230216 0.4676259 ]
 [0.31471136 0.11731844 0.5679702 ]]
Classification Report: 
               precision    recall  f1-score   support

         0.0       0.37      0.39      0.38       339
         1.0       0.13      0.12      0.13       139
         2.0       0.58      0.57      0.57       537

    accuracy                           0.45      1015
   macro avg       0.36      0.36      0.36      1015
weighted avg       0.45      0.45      0.45      1015

Fold 3
Evaluation on test set, 
 Accuracy: 0.4788, Recall: 0.3906, Precision: 0.3901, F1 Score: 0.3903
Confusion Matrix: 
 [[0.46312684 0.12389381 0.41297935]
 [0.32374101 0.1294964  0.54676259]
 [0.27001862 0.15083799 0.57914339]]
Classification Report: 
               precision    recall  f1-score   support

         0.0       0.45      0.46      0.46       339
         1.0       0.13      0.13      0.13       139
         2.0       0.59      0.58      0.58       537

    accuracy                           0.48      1015
   macro avg       0.39      0.39      0.39      1015
weighted avg       0.48      0.48      0.48      1015

Fold 4
Evaluation on test set, 
 Accuracy: 0.4552, Recall: 0.3667, Precision: 0.3667, F1 Score: 0.3666
Confusion Matrix: 
 [[0.40412979 0.12389381 0.4719764 ]
 [0.32374101 0.12230216 0.55395683]
 [0.2849162  0.141527   0.5735568 ]]
Classification Report: 
               precision    recall  f1-score   support

         0.0       0.41      0.40      0.41       339
         1.0       0.13      0.12      0.12       139
         2.0       0.57      0.57      0.57       537

    accuracy                           0.46      1015
   macro avg       0.37      0.37      0.37      1015
weighted avg       0.45      0.46      0.45      1015

Fold 5
Evaluation on test set, 
 Accuracy: 0.4690, Recall: 0.3806, Precision: 0.3820, F1 Score: 0.3811
Confusion Matrix: 
 [[0.38938053 0.16224189 0.44837758]
 [0.35251799 0.15107914 0.49640288]
 [0.25512104 0.1433892  0.60148976]]
Classification Report: 
               precision    recall  f1-score   support

         0.0       0.42      0.39      0.40       339
         1.0       0.14      0.15      0.14       139
         2.0       0.59      0.60      0.60       537

    accuracy                           0.47      1015
   macro avg       0.38      0.38      0.38      1015
weighted avg       0.47      0.47      0.47      1015

Fold 6
Evaluation on test set, 
 Accuracy: 0.4424, Recall: 0.3635, Precision: 0.3645, F1 Score: 0.3638
Confusion Matrix: 
 [[0.38643068 0.16814159 0.44542773]
 [0.31654676 0.15107914 0.5323741 ]
 [0.29422719 0.15270019 0.55307263]]
Classification Report: 
               precision    recall  f1-score   support

         0.0       0.39      0.39      0.39       339
         1.0       0.13      0.15      0.14       139
         2.0       0.57      0.55      0.56       537

    accuracy                           0.44      1015
   macro avg       0.36      0.36      0.36      1015
weighted avg       0.45      0.44      0.45      1015

Fold 7
Evaluation on test set, 
 Accuracy: 0.4571, Recall: 0.3651, Precision: 0.3660, F1 Score: 0.3655
Confusion Matrix: 
 [[0.4100295  0.14749263 0.44247788]
 [0.3381295  0.10791367 0.55395683]
 [0.27374302 0.14897579 0.57728119]]
Classification Report: 
               precision    recall  f1-score   support

         0.0       0.42      0.41      0.41       339
         1.0       0.10      0.11      0.11       139
         2.0       0.58      0.58      0.58       537

    accuracy                           0.46      1015
   macro avg       0.37      0.37      0.37      1015
weighted avg       0.46      0.46      0.46      1015

Fold 8
Evaluation on test set, 
 Accuracy: 0.4709, Recall: 0.3888, Precision: 0.3877, F1 Score: 0.3879
Confusion Matrix: 
 [[0.46017699 0.14749263 0.39233038]
 [0.33093525 0.14388489 0.52517986]
 [0.29981378 0.13780261 0.56238361]]
Classification Report: 
               precision    recall  f1-score   support

         0.0       0.43      0.46      0.44       339
         1.0       0.14      0.14      0.14       139
         2.0       0.59      0.56      0.58       537

    accuracy                           0.47      1015
   macro avg       0.39      0.39      0.39      1015
weighted avg       0.48      0.47      0.47      1015

Fold 9
Evaluation on test set, 
 Accuracy: 0.4660, Recall: 0.3902, Precision: 0.3898, F1 Score: 0.3898
Confusion Matrix: 
 [[0.43952802 0.12684366 0.43362832]
 [0.3        0.17142857 0.52857143]
 [0.32089552 0.11940299 0.55970149]]
Classification Report: 
               precision    recall  f1-score   support

         0.0       0.41      0.44      0.42       339
         1.0       0.18      0.17      0.18       140
         2.0       0.58      0.56      0.57       536

    accuracy                           0.47      1015
   macro avg       0.39      0.39      0.39      1015
weighted avg       0.47      0.47      0.47      1015

Average metrics:
 Accuracy: 0.4601, Precision: 0.3759, Recall: 0.3757, F1: 0.3756
  model    pca standard tune  accuracy  precision    recall        f1
0    dt  False    False  NaN  0.460493   0.375945  0.375859  0.375695
0    dt  False     True  NaN  0.460099   0.375851  0.375709  0.375571
Model: dt, PCA: True, Standard: True, SMOTE: False, Tune: None, Param_load: False
Dataset size: 10150
Features name : ['diravg', 'humidrel', 'ocurcause', 'ocurdo', 'rainamount', 'raindays', 'tempavg', 'windavg', 'within_30km', 'within_30km_fact', 'height']
Target name : ['scale_damage']
------------------------------------------------------------
DecisionTreeClassifier(random_state=64)
------------------------------------------------------------
Fold 0
<< PCA: 11 -> 10 >>
Evaluation on test set, 
 Accuracy: 0.4650, Recall: 0.3976, Precision: 0.3958, F1 Score: 0.3965
Confusion Matrix: 
 [[0.39053254 0.13609467 0.47337278]
 [0.33571429 0.22857143 0.43571429]
 [0.283054   0.1433892  0.5735568 ]]
Classification Report: 
               precision    recall  f1-score   support

         0.0       0.40      0.39      0.39       338
         1.0       0.21      0.23      0.22       140
         2.0       0.58      0.57      0.58       537

    accuracy                           0.47      1015
   macro avg       0.40      0.40      0.40      1015
weighted avg       0.47      0.47      0.47      1015

Fold 1
<< PCA: 11 -> 10 >>
Evaluation on test set, 
 Accuracy: 0.4483, Recall: 0.3840, Precision: 0.3821, F1 Score: 0.3825
Confusion Matrix: 
 [[0.42307692 0.14792899 0.42899408]
 [0.26428571 0.2        0.53571429]
 [0.31098696 0.16014898 0.52886406]]
Classification Report: 
               precision    recall  f1-score   support

         0.0       0.41      0.42      0.42       338
         1.0       0.17      0.20      0.18       140
         2.0       0.56      0.53      0.55       537

    accuracy                           0.45      1015
   macro avg       0.38      0.38      0.38      1015
weighted avg       0.46      0.45      0.45      1015

Fold 2
<< PCA: 11 -> 10 >>
Evaluation on test set, 
 Accuracy: 0.4246, Recall: 0.3545, Precision: 0.3542, F1 Score: 0.3540
Confusion Matrix: 
 [[0.37463127 0.15044248 0.47492625]
 [0.30215827 0.16546763 0.5323741 ]
 [0.32029795 0.15642458 0.52327747]]
Classification Report: 
               precision    recall  f1-score   support

         0.0       0.37      0.37      0.37       339
         1.0       0.15      0.17      0.15       139
         2.0       0.54      0.52      0.53       537

    accuracy                           0.42      1015
   macro avg       0.35      0.35      0.35      1015
weighted avg       0.43      0.42      0.43      1015

Fold 3
<< PCA: 11 -> 10 >>
Evaluation on test set, 
 Accuracy: 0.4512, Recall: 0.3781, Precision: 0.3773, F1 Score: 0.3773
Confusion Matrix: 
 [[0.4159292  0.14159292 0.44247788]
 [0.36690647 0.17266187 0.46043165]
 [0.31843575 0.13594041 0.54562384]]
Classification Report: 
               precision    recall  f1-score   support

         0.0       0.39      0.42      0.40       339
         1.0       0.17      0.17      0.17       139
         2.0       0.58      0.55      0.56       537

    accuracy                           0.45      1015
   macro avg       0.38      0.38      0.38      1015
weighted avg       0.46      0.45      0.45      1015

Fold 4
<< PCA: 11 -> 10 >>
Evaluation on test set, 
 Accuracy: 0.4305, Recall: 0.3468, Precision: 0.3462, F1 Score: 0.3463
Confusion Matrix: 
 [[0.38348083 0.13569322 0.48082596]
 [0.38129496 0.11510791 0.50359712]
 [0.33519553 0.12290503 0.54189944]]
Classification Report: 
               precision    recall  f1-score   support

         0.0       0.36      0.38      0.37       339
         1.0       0.12      0.12      0.12       139
         2.0       0.56      0.54      0.55       537

    accuracy                           0.43      1015
   macro avg       0.35      0.35      0.35      1015
weighted avg       0.43      0.43      0.43      1015

Fold 5
<< PCA: 11 -> 10 >>
Evaluation on test set, 
 Accuracy: 0.4256, Recall: 0.3476, Precision: 0.3481, F1 Score: 0.3476
Confusion Matrix: 
 [[0.38643068 0.14454277 0.46902655]
 [0.38129496 0.1294964  0.48920863]
 [0.31657356 0.15642458 0.52700186]]
Classification Report: 
               precision    recall  f1-score   support

         0.0       0.37      0.39      0.38       339
         1.0       0.12      0.13      0.12       139
         2.0       0.55      0.53      0.54       537

    accuracy                           0.43      1015
   macro avg       0.35      0.35      0.35      1015
weighted avg       0.43      0.43      0.43      1015

Fold 6
<< PCA: 11 -> 10 >>
Evaluation on test set, 
 Accuracy: 0.4394, Recall: 0.3556, Precision: 0.3557, F1 Score: 0.3555
Confusion Matrix: 
 [[0.36578171 0.1179941  0.51622419]
 [0.36690647 0.13669065 0.49640288]
 [0.30726257 0.12849162 0.56424581]]
Classification Report: 
               precision    recall  f1-score   support

         0.0       0.36      0.37      0.37       339
         1.0       0.15      0.14      0.14       139
         2.0       0.55      0.56      0.56       537

    accuracy                           0.44      1015
   macro avg       0.36      0.36      0.36      1015
weighted avg       0.44      0.44      0.44      1015

Fold 7
<< PCA: 11 -> 10 >>
Evaluation on test set, 
 Accuracy: 0.4473, Recall: 0.3667, Precision: 0.3680, F1 Score: 0.3671
Confusion Matrix: 
 [[0.4159292  0.15634218 0.42772861]
 [0.30215827 0.13669065 0.56115108]
 [0.29050279 0.16201117 0.54748603]]
Classification Report: 
               precision    recall  f1-score   support

         0.0       0.42      0.42      0.42       339
         1.0       0.12      0.14      0.13       139
         2.0       0.57      0.55      0.56       537

    accuracy                           0.45      1015
   macro avg       0.37      0.37      0.37      1015
weighted avg       0.46      0.45      0.45      1015

Fold 8
<< PCA: 11 -> 10 >>
Evaluation on test set, 
 Accuracy: 0.4502, Recall: 0.3714, Precision: 0.3722, F1 Score: 0.3715
Confusion Matrix: 
 [[0.4100295  0.15634218 0.43362832]
 [0.32374101 0.15107914 0.52517986]
 [0.2886406  0.15828678 0.55307263]]
Classification Report: 
               precision    recall  f1-score   support

         0.0       0.41      0.41      0.41       339
         1.0       0.13      0.15      0.14       139
         2.0       0.57      0.55      0.56       537

    accuracy                           0.45      1015
   macro avg       0.37      0.37      0.37      1015
weighted avg       0.46      0.45      0.45      1015

Fold 9
<< PCA: 11 -> 10 >>
Evaluation on test set, 
 Accuracy: 0.4650, Recall: 0.3913, Precision: 0.3911, F1 Score: 0.3907
Confusion Matrix: 
 [[0.42477876 0.14454277 0.43067847]
 [0.38571429 0.18571429 0.42857143]
 [0.26679104 0.16977612 0.56343284]]
Classification Report: 
               precision    recall  f1-score   support

         0.0       0.42      0.42      0.42       339
         1.0       0.16      0.19      0.17       140
         2.0       0.59      0.56      0.58       536

    accuracy                           0.47      1015
   macro avg       0.39      0.39      0.39      1015
weighted avg       0.48      0.47      0.47      1015

Average metrics:
 Accuracy: 0.4447, Precision: 0.3691, Recall: 0.3694, F1: 0.3689
  model    pca standard tune  accuracy  precision    recall        f1
0    dt  False    False  NaN  0.460493   0.375945  0.375859  0.375695
0    dt  False     True  NaN  0.460099   0.375851  0.375709  0.375571
0    dt   True     True  NaN  0.444729   0.369067  0.369351  0.368899
Model: knn, PCA: False, Standard: False, SMOTE: False, Tune: None, Param_load: False
Dataset size: 10150
Features name : ['diravg', 'humidrel', 'ocurcause', 'ocurdo', 'rainamount', 'raindays', 'tempavg', 'windavg', 'within_30km', 'within_30km_fact', 'height']
Target name : ['scale_damage']
------------------------------------------------------------
KNeighborsClassifier()
------------------------------------------------------------
Fold 0
Evaluation on test set, 
 Accuracy: 0.4749, Recall: 0.3768, Precision: 0.3760, F1 Score: 0.3745
Confusion Matrix: 
 [[0.42899408 0.09171598 0.47928994]
 [0.35       0.1        0.55      ]
 [0.30912477 0.08938547 0.60148976]]
Classification Report: 
               precision    recall  f1-score   support

         0.0       0.40      0.43      0.42       338
         1.0       0.15      0.10      0.12       140
         2.0       0.57      0.60      0.59       537

    accuracy                           0.47      1015
   macro avg       0.38      0.38      0.37      1015
weighted avg       0.46      0.47      0.47      1015

Fold 1
Evaluation on test set, 
 Accuracy: 0.4709, Recall: 0.3751, Precision: 0.3769, F1 Score: 0.3716
Confusion Matrix: 
 [[0.44970414 0.06508876 0.4852071 ]
 [0.35       0.09285714 0.55714286]
 [0.34078212 0.07635009 0.58286778]]
Classification Report: 
               precision    recall  f1-score   support

         0.0       0.40      0.45      0.42       338
         1.0       0.17      0.09      0.12       140
         2.0       0.56      0.58      0.57       537

    accuracy                           0.47      1015
   macro avg       0.38      0.38      0.37      1015
weighted avg       0.45      0.47      0.46      1015

Fold 2
Evaluation on test set, 
 Accuracy: 0.4719, Recall: 0.3702, Precision: 0.3684, F1 Score: 0.3658
Confusion Matrix: 
 [[0.43362832 0.07964602 0.48672566]
 [0.35251799 0.07913669 0.56834532]
 [0.32960894 0.0726257  0.59776536]]
Classification Report: 
               precision    recall  f1-score   support

         0.0       0.39      0.43      0.41       339
         1.0       0.14      0.08      0.10       139
         2.0       0.57      0.60      0.58       537

    accuracy                           0.47      1015
   macro avg       0.37      0.37      0.37      1015
weighted avg       0.45      0.47      0.46      1015

Fold 3
Evaluation on test set, 
 Accuracy: 0.4936, Recall: 0.3925, Precision: 0.3935, F1 Score: 0.3872
Confusion Matrix: 
 [[0.48967552 0.06784661 0.44247788]
 [0.33093525 0.08633094 0.58273381]
 [0.33519553 0.06331471 0.60148976]]
Classification Report: 
               precision    recall  f1-score   support

         0.0       0.42      0.49      0.45       339
         1.0       0.17      0.09      0.12       139
         2.0       0.58      0.60      0.59       537

    accuracy                           0.49      1015
   macro avg       0.39      0.39      0.39      1015
weighted avg       0.47      0.49      0.48      1015

Fold 4
Evaluation on test set, 
 Accuracy: 0.4906, Recall: 0.3761, Precision: 0.3575, F1 Score: 0.3632
Confusion Matrix: 
 [[0.48672566 0.05014749 0.46312684]
 [0.37410072 0.02877698 0.5971223 ]
 [0.31843575 0.0689013  0.61266294]]
Classification Report: 
               precision    recall  f1-score   support

         0.0       0.43      0.49      0.45       339
         1.0       0.07      0.03      0.04       139
         2.0       0.58      0.61      0.59       537

    accuracy                           0.49      1015
   macro avg       0.36      0.38      0.36      1015
weighted avg       0.46      0.49      0.47      1015

Fold 5
Evaluation on test set, 
 Accuracy: 0.4719, Recall: 0.3741, Precision: 0.3733, F1 Score: 0.3710
Confusion Matrix: 
 [[0.43657817 0.08259587 0.48082596]
 [0.38129496 0.09352518 0.52517986]
 [0.32402235 0.08379888 0.59217877]]
Classification Report: 
               precision    recall  f1-score   support

         0.0       0.39      0.44      0.41       339
         1.0       0.15      0.09      0.12       139
         2.0       0.57      0.59      0.58       537

    accuracy                           0.47      1015
   macro avg       0.37      0.37      0.37      1015
weighted avg       0.46      0.47      0.46      1015

Fold 6
Evaluation on test set, 
 Accuracy: 0.4739, Recall: 0.3721, Precision: 0.3719, F1 Score: 0.3686
Confusion Matrix: 
 [[0.42477876 0.08554572 0.48967552]
 [0.3381295  0.08633094 0.57553957]
 [0.32402235 0.0707635  0.60521415]]
Classification Report: 
               precision    recall  f1-score   support

         0.0       0.39      0.42      0.41       339
         1.0       0.15      0.09      0.11       139
         2.0       0.57      0.61      0.59       537

    accuracy                           0.47      1015
   macro avg       0.37      0.37      0.37      1015
weighted avg       0.45      0.47      0.46      1015

Fold 7
Evaluation on test set, 
 Accuracy: 0.4946, Recall: 0.3862, Precision: 0.3966, F1 Score: 0.3842
Confusion Matrix: 
 [[0.40412979 0.05309735 0.54277286]
 [0.35971223 0.10071942 0.53956835]
 [0.28119181 0.06517691 0.65363128]]
Classification Report: 
               precision    recall  f1-score   support

         0.0       0.41      0.40      0.40       339
         1.0       0.21      0.10      0.14       139
         2.0       0.58      0.65      0.61       537

    accuracy                           0.49      1015
   macro avg       0.40      0.39      0.38      1015
weighted avg       0.47      0.49      0.48      1015

Fold 8
Evaluation on test set, 
 Accuracy: 0.4857, Recall: 0.3872, Precision: 0.3849, F1 Score: 0.3806
Confusion Matrix: 
 [[0.50147493 0.0560472  0.44247788]
 [0.35251799 0.07913669 0.56834532]
 [0.34450652 0.0744879  0.58100559]]
Classification Report: 
               precision    recall  f1-score   support

         0.0       0.42      0.50      0.46       339
         1.0       0.16      0.08      0.11       139
         2.0       0.58      0.58      0.58       537

    accuracy                           0.49      1015
   macro avg       0.38      0.39      0.38      1015
weighted avg       0.47      0.49      0.47      1015

Fold 9
Evaluation on test set, 
 Accuracy: 0.4700, Recall: 0.3699, Precision: 0.3636, F1 Score: 0.3649
Confusion Matrix: 
 [[0.45427729 0.08554572 0.46017699]
 [0.35714286 0.07142857 0.57142857]
 [0.32089552 0.09514925 0.58395522]]
Classification Report: 
               precision    recall  f1-score   support

         0.0       0.41      0.45      0.43       339
         1.0       0.11      0.07      0.09       140
         2.0       0.57      0.58      0.58       536

    accuracy                           0.47      1015
   macro avg       0.36      0.37      0.36      1015
weighted avg       0.45      0.47      0.46      1015

Average metrics:
 Accuracy: 0.4798, Precision: 0.3762, Recall: 0.3780, F1: 0.3732
  model    pca standard tune  accuracy  precision    recall        f1
0    dt  False    False  NaN  0.460493   0.375945  0.375859  0.375695
0    dt  False     True  NaN  0.460099   0.375851  0.375709  0.375571
0    dt   True     True  NaN  0.444729   0.369067  0.369351  0.368899
0   knn  False    False  NaN  0.479803   0.376248  0.378016  0.373154
Model: knn, PCA: False, Standard: True, SMOTE: False, Tune: None, Param_load: False
Dataset size: 10150
Features name : ['diravg', 'humidrel', 'ocurcause', 'ocurdo', 'rainamount', 'raindays', 'tempavg', 'windavg', 'within_30km', 'within_30km_fact', 'height']
Target name : ['scale_damage']
------------------------------------------------------------
KNeighborsClassifier()
------------------------------------------------------------
Fold 0
Evaluation on test set, 
 Accuracy: 0.5025, Recall: 0.3834, Precision: 0.3735, F1 Score: 0.3724
Confusion Matrix: 
 [[0.4556213  0.0443787  0.5       ]
 [0.43571429 0.04285714 0.52142857]
 [0.2886406  0.05959032 0.65176909]]
Classification Report: 
               precision    recall  f1-score   support

         0.0       0.42      0.46      0.44       338
         1.0       0.11      0.04      0.06       140
         2.0       0.59      0.65      0.62       537

    accuracy                           0.50      1015
   macro avg       0.37      0.38      0.37      1015
weighted avg       0.47      0.50      0.48      1015

Fold 1
Evaluation on test set, 
 Accuracy: 0.5025, Recall: 0.4021, Precision: 0.4035, F1 Score: 0.4002
Confusion Matrix: 
 [[0.46449704 0.06804734 0.46745562]
 [0.37857143 0.11428571 0.50714286]
 [0.27746741 0.09497207 0.62756052]]
Classification Report: 
               precision    recall  f1-score   support

         0.0       0.44      0.46      0.45       338
         1.0       0.18      0.11      0.14       140
         2.0       0.60      0.63      0.61       537

    accuracy                           0.50      1015
   macro avg       0.40      0.40      0.40      1015
weighted avg       0.49      0.50      0.49      1015

Fold 2
Evaluation on test set, 
 Accuracy: 0.4995, Recall: 0.3947, Precision: 0.4031, F1 Score: 0.3921
Confusion Matrix: 
 [[0.44837758 0.07374631 0.47787611]
 [0.38848921 0.10071942 0.51079137]
 [0.31284916 0.05214153 0.63500931]]
Classification Report: 
               precision    recall  f1-score   support

         0.0       0.41      0.45      0.43       339
         1.0       0.21      0.10      0.14       139
         2.0       0.59      0.64      0.61       537

    accuracy                           0.50      1015
   macro avg       0.40      0.39      0.39      1015
weighted avg       0.48      0.50      0.49      1015

Fold 3
Evaluation on test set, 
 Accuracy: 0.5222, Recall: 0.4117, Precision: 0.4011, F1 Score: 0.4030
Confusion Matrix: 
 [[0.54277286 0.07079646 0.38643068]
 [0.38129496 0.0647482  0.55395683]
 [0.29050279 0.08193669 0.62756052]]
Classification Report: 
               precision    recall  f1-score   support

         0.0       0.47      0.54      0.50       339
         1.0       0.12      0.06      0.08       139
         2.0       0.62      0.63      0.62       537

    accuracy                           0.52      1015
   macro avg       0.40      0.41      0.40      1015
weighted avg       0.50      0.52      0.51      1015

Fold 4
Evaluation on test set, 
 Accuracy: 0.4916, Recall: 0.3891, Precision: 0.3863, F1 Score: 0.3831
Confusion Matrix: 
 [[0.48672566 0.06784661 0.44542773]
 [0.39568345 0.07913669 0.52517986]
 [0.32588454 0.0726257  0.60148976]]
Classification Report: 
               precision    recall  f1-score   support

         0.0       0.42      0.49      0.45       339
         1.0       0.15      0.08      0.10       139
         2.0       0.59      0.60      0.60       537

    accuracy                           0.49      1015
   macro avg       0.39      0.39      0.38      1015
weighted avg       0.47      0.49      0.48      1015

Fold 5
Evaluation on test set, 
 Accuracy: 0.4700, Recall: 0.3601, Precision: 0.3461, F1 Score: 0.3500
Confusion Matrix: 
 [[0.44837758 0.0560472  0.49557522]
 [0.37410072 0.03597122 0.58992806]
 [0.32774674 0.07635009 0.59590317]]
Classification Report: 
               precision    recall  f1-score   support

         0.0       0.40      0.45      0.42       339
         1.0       0.08      0.04      0.05       139
         2.0       0.56      0.60      0.58       537

    accuracy                           0.47      1015
   macro avg       0.35      0.36      0.35      1015
weighted avg       0.44      0.47      0.45      1015

Fold 6
Evaluation on test set, 
 Accuracy: 0.5074, Recall: 0.3950, Precision: 0.3956, F1 Score: 0.3918
Confusion Matrix: 
 [[0.42477876 0.08259587 0.49262537]
 [0.41007194 0.09352518 0.49640288]
 [0.25884544 0.0744879  0.66666667]]
Classification Report: 
               precision    recall  f1-score   support

         0.0       0.42      0.42      0.42       339
         1.0       0.16      0.09      0.12       139
         2.0       0.60      0.67      0.63       537

    accuracy                           0.51      1015
   macro avg       0.40      0.39      0.39      1015
weighted avg       0.48      0.51      0.49      1015

Fold 7
Evaluation on test set, 
 Accuracy: 0.4916, Recall: 0.3759, Precision: 0.3641, F1 Score: 0.3677
Confusion Matrix: 
 [[0.45132743 0.07964602 0.46902655]
 [0.3381295  0.04316547 0.61870504]
 [0.2886406  0.07821229 0.63314711]]
Classification Report: 
               precision    recall  f1-score   support

         0.0       0.43      0.45      0.44       339
         1.0       0.08      0.04      0.06       139
         2.0       0.58      0.63      0.61       537

    accuracy                           0.49      1015
   macro avg       0.36      0.38      0.37      1015
weighted avg       0.46      0.49      0.48      1015

Fold 8
Evaluation on test set, 
 Accuracy: 0.5025, Recall: 0.3885, Precision: 0.3787, F1 Score: 0.3793
Confusion Matrix: 
 [[0.48377581 0.05899705 0.45722714]
 [0.32374101 0.05035971 0.62589928]
 [0.29981378 0.0689013  0.63128492]]
Classification Report: 
               precision    recall  f1-score   support

         0.0       0.44      0.48      0.46       339
         1.0       0.11      0.05      0.07       139
         2.0       0.58      0.63      0.61       537

    accuracy                           0.50      1015
   macro avg       0.38      0.39      0.38      1015
weighted avg       0.47      0.50      0.48      1015

Fold 9
Evaluation on test set, 
 Accuracy: 0.5133, Recall: 0.4026, Precision: 0.4040, F1 Score: 0.3978
Confusion Matrix: 
 [[0.46902655 0.06784661 0.46312684]
 [0.37857143 0.08571429 0.53571429]
 [0.28358209 0.06343284 0.65298507]]
Classification Report: 
               precision    recall  f1-score   support

         0.0       0.44      0.47      0.45       339
         1.0       0.17      0.09      0.11       140
         2.0       0.60      0.65      0.63       536

    accuracy                           0.51      1015
   macro avg       0.40      0.40      0.40      1015
weighted avg       0.49      0.51      0.50      1015

Average metrics:
 Accuracy: 0.5003, Precision: 0.3856, Recall: 0.3903, F1: 0.3837
  model    pca standard tune  accuracy  precision    recall        f1
0    dt  False    False  NaN  0.460493   0.375945  0.375859  0.375695
0    dt  False     True  NaN  0.460099   0.375851  0.375709  0.375571
0    dt   True     True  NaN  0.444729   0.369067  0.369351  0.368899
0   knn  False    False  NaN  0.479803   0.376248  0.378016  0.373154
0   knn  False     True  NaN  0.500296   0.385612  0.390305  0.383737
Model: knn, PCA: True, Standard: True, SMOTE: False, Tune: None, Param_load: False
Dataset size: 10150
Features name : ['diravg', 'humidrel', 'ocurcause', 'ocurdo', 'rainamount', 'raindays', 'tempavg', 'windavg', 'within_30km', 'within_30km_fact', 'height']
Target name : ['scale_damage']
------------------------------------------------------------
KNeighborsClassifier()
------------------------------------------------------------
Fold 0
<< PCA: 11 -> 10 >>
Evaluation on test set, 
 Accuracy: 0.4946, Recall: 0.3780, Precision: 0.3709, F1 Score: 0.3689
Confusion Matrix: 
 [[0.43786982 0.05621302 0.50591716]
 [0.4        0.05       0.55      ]
 [0.29422719 0.05959032 0.6461825 ]]
Classification Report: 
               precision    recall  f1-score   support

         0.0       0.41      0.44      0.42       338
         1.0       0.12      0.05      0.07       140
         2.0       0.58      0.65      0.61       537

    accuracy                           0.49      1015
   macro avg       0.37      0.38      0.37      1015
weighted avg       0.46      0.49      0.47      1015

Fold 1
<< PCA: 11 -> 10 >>
Evaluation on test set, 
 Accuracy: 0.4916, Recall: 0.3921, Precision: 0.3931, F1 Score: 0.3897
Confusion Matrix: 
 [[0.45266272 0.06804734 0.47928994]
 [0.41428571 0.10714286 0.47857143]
 [0.29236499 0.09124767 0.61638734]]
Classification Report: 
               precision    recall  f1-score   support

         0.0       0.42      0.45      0.43       338
         1.0       0.17      0.11      0.13       140
         2.0       0.59      0.62      0.60       537

    accuracy                           0.49      1015
   macro avg       0.39      0.39      0.39      1015
weighted avg       0.47      0.49      0.48      1015

Fold 2
<< PCA: 11 -> 10 >>
Evaluation on test set, 
 Accuracy: 0.5054, Recall: 0.3981, Precision: 0.4085, F1 Score: 0.3945
Confusion Matrix: 
 [[0.46017699 0.0619469  0.47787611]
 [0.38848921 0.09352518 0.51798561]
 [0.31098696 0.04841713 0.6405959 ]]
Classification Report: 
               precision    recall  f1-score   support

         0.0       0.41      0.46      0.44       339
         1.0       0.22      0.09      0.13       139
         2.0       0.60      0.64      0.62       537

    accuracy                           0.51      1015
   macro avg       0.41      0.40      0.39      1015
weighted avg       0.48      0.51      0.49      1015

Fold 3
<< PCA: 11 -> 10 >>
Evaluation on test set, 
 Accuracy: 0.5222, Recall: 0.4089, Precision: 0.3946, F1 Score: 0.3977
Confusion Matrix: 
 [[0.54867257 0.06784661 0.38348083]
 [0.38129496 0.05035971 0.56834532]
 [0.29981378 0.0726257  0.62756052]]
Classification Report: 
               precision    recall  f1-score   support

         0.0       0.47      0.55      0.50       339
         1.0       0.10      0.05      0.07       139
         2.0       0.62      0.63      0.62       537

    accuracy                           0.52      1015
   macro avg       0.39      0.41      0.40      1015
weighted avg       0.50      0.52      0.51      1015

Fold 4
<< PCA: 11 -> 10 >>
Evaluation on test set, 
