OrderedDict([('data_path', './dataset/FireDataset.csv'),
             ('param_path', './models/config'),
             ('seed', 64),
             ('redirector', True),
             ('visual', False),
             ('model', 'knn'),
             ('param_load', False),
             ('voting_list', ['dt', 'knn', 'rf', 'ab', 'gb']),
             ('tune', None),
             ('n_iter', 10),
             ('cv', 5),
             ('pca', False),
             ('n_components', 0.95),
             ('smote', False),
             ('standard', True),
             ('eval', 'kfold'),
             ('n_split', 10),
             ('num_class', 3)])
------------------------------------------------------------
Dataset size: 10150
Features name : ['diravg', 'humidrel', 'ocurcause', 'ocurdo', 'rainamount', 'raindays', 'tempavg', 'windavg', 'within_30km', 'within_30km_fact', 'height']
Target name : ['scale_damage']
------------------------------------------------------------
KNeighborsClassifier()
------------------------------------------------------------
Fold 0
Evaluation on test set, 
 Accuracy: 0.4867, Recall: 0.3855, Precision: 0.3862, F1 Score: 0.3812
Confusion Matrix: 
 [[0.43333333 0.06969697 0.4969697 ]
 [0.38666667 0.09333333 0.52      ]
 [0.28971963 0.08037383 0.62990654]]
Classification Report: 
               precision    recall  f1-score   support

         0.0       0.40      0.43      0.42       330
         1.0       0.17      0.09      0.12       150
         2.0       0.58      0.63      0.61       535

    accuracy                           0.49      1015
   macro avg       0.39      0.39      0.38      1015
weighted avg       0.46      0.49      0.47      1015

Fold 1
Evaluation on test set, 
 Accuracy: 0.4946, Recall: 0.3891, Precision: 0.3863, F1 Score: 0.3821
Confusion Matrix: 
 [[0.48275862 0.05642633 0.46081505]
 [0.37142857 0.07857143 0.55      ]
 [0.32014388 0.07374101 0.60611511]]
Classification Report: 
               precision    recall  f1-score   support

         0.0       0.40      0.48      0.44       319
         1.0       0.16      0.08      0.10       140
         2.0       0.60      0.61      0.60       556

    accuracy                           0.49      1015
   macro avg       0.39      0.39      0.38      1015
weighted avg       0.48      0.49      0.48      1015

Fold 2
Evaluation on test set, 
 Accuracy: 0.4975, Recall: 0.3985, Precision: 0.4010, F1 Score: 0.3966
Confusion Matrix: 
 [[0.47398844 0.06358382 0.46242775]
 [0.39259259 0.11111111 0.4962963 ]
 [0.30337079 0.08614232 0.61048689]]
Classification Report: 
               precision    recall  f1-score   support

         0.0       0.43      0.47      0.45       346
         1.0       0.18      0.11      0.14       135
         2.0       0.59      0.61      0.60       534

    accuracy                           0.50      1015
   macro avg       0.40      0.40      0.40      1015
weighted avg       0.48      0.50      0.49      1015

Fold 3
Evaluation on test set, 
 Accuracy: 0.4828, Recall: 0.3767, Precision: 0.3633, F1 Score: 0.3666
Confusion Matrix: 
 [[0.48603352 0.06424581 0.44972067]
 [0.44366197 0.04225352 0.51408451]
 [0.3223301  0.07572816 0.60194175]]
Classification Report: 
               precision    recall  f1-score   support

         0.0       0.43      0.49      0.46       358
         1.0       0.09      0.04      0.06       142
         2.0       0.57      0.60      0.59       515

    accuracy                           0.48      1015
   macro avg       0.36      0.38      0.37      1015
weighted avg       0.45      0.48      0.47      1015

Fold 4
Evaluation on test set, 
 Accuracy: 0.4749, Recall: 0.3794, Precision: 0.3746, F1 Score: 0.3711
Confusion Matrix: 
 [[0.47042254 0.06478873 0.46478873]
 [0.2987013  0.06493506 0.63636364]
 [0.32608696 0.07114625 0.6027668 ]]
Classification Report: 
               precision    recall  f1-score   support

         0.0       0.44      0.47      0.46       355
         1.0       0.14      0.06      0.09       154
         2.0       0.54      0.60      0.57       506

    accuracy                           0.47      1015
   macro avg       0.37      0.38      0.37      1015
weighted avg       0.44      0.47      0.46      1015

Fold 5
Evaluation on test set, 
 Accuracy: 0.5143, Recall: 0.3993, Precision: 0.3916, F1 Score: 0.3880
Confusion Matrix: 
 [[0.475      0.05555556 0.46944444]
 [0.39310345 0.04827586 0.55862069]
 [0.27254902 0.05294118 0.6745098 ]]
Classification Report: 
               precision    recall  f1-score   support

         0.0       0.47      0.47      0.47       360
         1.0       0.13      0.05      0.07       145
         2.0       0.58      0.67      0.62       510

    accuracy                           0.51      1015
   macro avg       0.39      0.40      0.39      1015
weighted avg       0.47      0.51      0.49      1015

Fold 6
Evaluation on test set, 
 Accuracy: 0.5113, Recall: 0.3926, Precision: 0.3817, F1 Score: 0.3825
Confusion Matrix: 
 [[0.46686747 0.05722892 0.47590361]
 [0.38888889 0.04861111 0.5625    ]
 [0.26716141 0.07050093 0.66233766]]
Classification Report: 
               precision    recall  f1-score   support

         0.0       0.44      0.47      0.45       332
         1.0       0.11      0.05      0.07       144
         2.0       0.60      0.66      0.63       539

    accuracy                           0.51      1015
   macro avg       0.38      0.39      0.38      1015
weighted avg       0.48      0.51      0.49      1015

Fold 7
Evaluation on test set, 
 Accuracy: 0.4877, Recall: 0.3845, Precision: 0.3838, F1 Score: 0.3786
Confusion Matrix: 
 [[0.43209877 0.06481481 0.50308642]
 [0.38311688 0.08441558 0.53246753]
 [0.2849162  0.07821229 0.63687151]]
Classification Report: 
               precision    recall  f1-score   support

         0.0       0.40      0.43      0.41       324
         1.0       0.17      0.08      0.11       154
         2.0       0.58      0.64      0.61       537

    accuracy                           0.49      1015
   macro avg       0.38      0.38      0.38      1015
weighted avg       0.46      0.49      0.47      1015

Fold 8
Evaluation on test set, 
 Accuracy: 0.5271, Recall: 0.3924, Precision: 0.3830, F1 Score: 0.3862
Confusion Matrix: 
 [[0.49441341 0.05865922 0.44692737]
 [0.37614679 0.03669725 0.58715596]
 [0.28649635 0.06751825 0.6459854 ]]
Classification Report: 
               precision    recall  f1-score   support

         0.0       0.47      0.49      0.48       358
         1.0       0.06      0.04      0.05       109
         2.0       0.61      0.65      0.63       548

    accuracy                           0.53      1015
   macro avg       0.38      0.39      0.39      1015
weighted avg       0.50      0.53      0.51      1015

Fold 9
Evaluation on test set, 
 Accuracy: 0.5340, Recall: 0.4023, Precision: 0.3966, F1 Score: 0.3931
Confusion Matrix: 
 [[0.5        0.0620915  0.4379085 ]
 [0.40833333 0.05833333 0.53333333]
 [0.30390492 0.0475382  0.64855688]]
Classification Report: 
               precision    recall  f1-score   support

         0.0       0.40      0.50      0.45       306
         1.0       0.13      0.06      0.08       120
         2.0       0.66      0.65      0.65       589

    accuracy                           0.53      1015
   macro avg       0.40      0.40      0.39      1015
weighted avg       0.52      0.53      0.52      1015

Average metrics:
 Accuracy: 0.5011, Precision: 0.3848, Recall: 0.3900, F1: 0.3826
